 ! grid points: leb           38 . shell          10
 !         380
 !-------------------------------------------------------------------------------
  -0.0000000000000000       -0.0000000000000000      -0.80000000000000004        9.5238095238095247E-003
  -0.0000000000000000       -0.0000000000000000       0.80000000000000004        9.5238095238095247E-003
  -0.0000000000000000      -0.80000000000000004       -0.0000000000000000        9.5238095238095247E-003
  -0.0000000000000000       0.80000000000000004       -0.0000000000000000        9.5238095238095247E-003
 -0.80000000000000004       -0.0000000000000000       -0.0000000000000000        9.5238095238095247E-003
  0.80000000000000004       -0.0000000000000000       -0.0000000000000000        9.5238095238095247E-003
 -0.46188021535170071      -0.46188021535170071      -0.46188021535170071        3.2142857142857140E-002
 -0.46188021535170071      -0.46188021535170071       0.46188021535170071        3.2142857142857140E-002
 -0.46188021535170071       0.46188021535170071      -0.46188021535170071        3.2142857142857140E-002
  0.46188021535170071      -0.46188021535170071      -0.46188021535170071        3.2142857142857140E-002
 -0.46188021535170071       0.46188021535170071       0.46188021535170071        3.2142857142857140E-002
  0.46188021535170071      -0.46188021535170071       0.46188021535170071        3.2142857142857140E-002
  0.46188021535170071       0.46188021535170071      -0.46188021535170071        3.2142857142857140E-002
  0.46188021535170071       0.46188021535170071       0.46188021535170071        3.2142857142857140E-002
 -0.71045906718169216      -0.36776067470478668       -0.0000000000000000        2.8571428571428571E-002
 -0.71045906718169216       0.36776067470478668       -0.0000000000000000        2.8571428571428571E-002
  0.71045906718169216      -0.36776067470478668       -0.0000000000000000        2.8571428571428571E-002
  0.71045906718169216       0.36776067470478668       -0.0000000000000000        2.8571428571428571E-002
 -0.36776067470478668      -0.71045906718169216       -0.0000000000000000        2.8571428571428571E-002
 -0.36776067470478668       0.71045906718169216       -0.0000000000000000        2.8571428571428571E-002
  0.36776067470478668      -0.71045906718169216       -0.0000000000000000        2.8571428571428571E-002
  0.36776067470478668       0.71045906718169216       -0.0000000000000000        2.8571428571428571E-002
 -0.71045906718169216       -0.0000000000000000      -0.36776067470478668        2.8571428571428571E-002
 -0.71045906718169216       -0.0000000000000000       0.36776067470478668        2.8571428571428571E-002
  0.71045906718169216       -0.0000000000000000      -0.36776067470478668        2.8571428571428571E-002
  0.71045906718169216       -0.0000000000000000       0.36776067470478668        2.8571428571428571E-002
 -0.36776067470478668       -0.0000000000000000      -0.71045906718169216        2.8571428571428571E-002
 -0.36776067470478668       -0.0000000000000000       0.71045906718169216        2.8571428571428571E-002
  0.36776067470478668       -0.0000000000000000      -0.71045906718169216        2.8571428571428571E-002
  0.36776067470478668       -0.0000000000000000       0.71045906718169216        2.8571428571428571E-002
  -0.0000000000000000      -0.71045906718169216      -0.36776067470478668        2.8571428571428571E-002
  -0.0000000000000000      -0.71045906718169216       0.36776067470478668        2.8571428571428571E-002
  -0.0000000000000000       0.71045906718169216      -0.36776067470478668        2.8571428571428571E-002
  -0.0000000000000000       0.71045906718169216       0.36776067470478668        2.8571428571428571E-002
  -0.0000000000000000      -0.36776067470478668      -0.71045906718169216        2.8571428571428571E-002
  -0.0000000000000000      -0.36776067470478668       0.71045906718169216        2.8571428571428571E-002
  -0.0000000000000000       0.36776067470478668      -0.71045906718169216        2.8571428571428571E-002
  -0.0000000000000000       0.36776067470478668       0.71045906718169216        2.8571428571428571E-002
  -0.0000000000000000       -0.0000000000000000      -0.59999999999999998        9.5238095238095247E-003
  -0.0000000000000000       -0.0000000000000000       0.59999999999999998        9.5238095238095247E-003
  -0.0000000000000000      -0.59999999999999998       -0.0000000000000000        9.5238095238095247E-003
  -0.0000000000000000       0.59999999999999998       -0.0000000000000000        9.5238095238095247E-003
 -0.59999999999999998       -0.0000000000000000       -0.0000000000000000        9.5238095238095247E-003
  0.59999999999999998       -0.0000000000000000       -0.0000000000000000        9.5238095238095247E-003
 -0.34641016151377552      -0.34641016151377552      -0.34641016151377552        3.2142857142857140E-002
 -0.34641016151377552      -0.34641016151377552       0.34641016151377552        3.2142857142857140E-002
 -0.34641016151377552       0.34641016151377552      -0.34641016151377552        3.2142857142857140E-002
  0.34641016151377552      -0.34641016151377552      -0.34641016151377552        3.2142857142857140E-002
 -0.34641016151377552       0.34641016151377552       0.34641016151377552        3.2142857142857140E-002
  0.34641016151377552      -0.34641016151377552       0.34641016151377552        3.2142857142857140E-002
  0.34641016151377552       0.34641016151377552      -0.34641016151377552        3.2142857142857140E-002
  0.34641016151377552       0.34641016151377552       0.34641016151377552        3.2142857142857140E-002
 -0.53284430038626907      -0.27582050602858998       -0.0000000000000000        2.8571428571428571E-002
 -0.53284430038626907       0.27582050602858998       -0.0000000000000000        2.8571428571428571E-002
  0.53284430038626907      -0.27582050602858998       -0.0000000000000000        2.8571428571428571E-002
  0.53284430038626907       0.27582050602858998       -0.0000000000000000        2.8571428571428571E-002
 -0.27582050602858998      -0.53284430038626907       -0.0000000000000000        2.8571428571428571E-002
 -0.27582050602858998       0.53284430038626907       -0.0000000000000000        2.8571428571428571E-002
  0.27582050602858998      -0.53284430038626907       -0.0000000000000000        2.8571428571428571E-002
  0.27582050602858998       0.53284430038626907       -0.0000000000000000        2.8571428571428571E-002
 -0.53284430038626907       -0.0000000000000000      -0.27582050602858998        2.8571428571428571E-002
 -0.53284430038626907       -0.0000000000000000       0.27582050602858998        2.8571428571428571E-002
  0.53284430038626907       -0.0000000000000000      -0.27582050602858998        2.8571428571428571E-002
  0.53284430038626907       -0.0000000000000000       0.27582050602858998        2.8571428571428571E-002
 -0.27582050602858998       -0.0000000000000000      -0.53284430038626907        2.8571428571428571E-002
 -0.27582050602858998       -0.0000000000000000       0.53284430038626907        2.8571428571428571E-002
  0.27582050602858998       -0.0000000000000000      -0.53284430038626907        2.8571428571428571E-002
  0.27582050602858998       -0.0000000000000000       0.53284430038626907        2.8571428571428571E-002
  -0.0000000000000000      -0.53284430038626907      -0.27582050602858998        2.8571428571428571E-002
  -0.0000000000000000      -0.53284430038626907       0.27582050602858998        2.8571428571428571E-002
  -0.0000000000000000       0.53284430038626907      -0.27582050602858998        2.8571428571428571E-002
  -0.0000000000000000       0.53284430038626907       0.27582050602858998        2.8571428571428571E-002
  -0.0000000000000000      -0.27582050602858998      -0.53284430038626907        2.8571428571428571E-002
  -0.0000000000000000      -0.27582050602858998       0.53284430038626907        2.8571428571428571E-002
  -0.0000000000000000       0.27582050602858998      -0.53284430038626907        2.8571428571428571E-002
  -0.0000000000000000       0.27582050602858998       0.53284430038626907        2.8571428571428571E-002
  -0.0000000000000000       -0.0000000000000000      -0.39999999999999991        9.5238095238095247E-003
  -0.0000000000000000       -0.0000000000000000       0.39999999999999991        9.5238095238095247E-003
  -0.0000000000000000      -0.39999999999999991       -0.0000000000000000        9.5238095238095247E-003
  -0.0000000000000000       0.39999999999999991       -0.0000000000000000        9.5238095238095247E-003
 -0.39999999999999991       -0.0000000000000000       -0.0000000000000000        9.5238095238095247E-003
  0.39999999999999991       -0.0000000000000000       -0.0000000000000000        9.5238095238095247E-003
 -0.23094010767585030      -0.23094010767585030      -0.23094010767585030        3.2142857142857140E-002
 -0.23094010767585030      -0.23094010767585030       0.23094010767585030        3.2142857142857140E-002
 -0.23094010767585030       0.23094010767585030      -0.23094010767585030        3.2142857142857140E-002
  0.23094010767585030      -0.23094010767585030      -0.23094010767585030        3.2142857142857140E-002
 -0.23094010767585030       0.23094010767585030       0.23094010767585030        3.2142857142857140E-002
  0.23094010767585030      -0.23094010767585030       0.23094010767585030        3.2142857142857140E-002
  0.23094010767585030       0.23094010767585030      -0.23094010767585030        3.2142857142857140E-002
  0.23094010767585030       0.23094010767585030       0.23094010767585030        3.2142857142857140E-002
 -0.35522953359084597      -0.18388033735239329       -0.0000000000000000        2.8571428571428571E-002
 -0.35522953359084597       0.18388033735239329       -0.0000000000000000        2.8571428571428571E-002
  0.35522953359084597      -0.18388033735239329       -0.0000000000000000        2.8571428571428571E-002
  0.35522953359084597       0.18388033735239329       -0.0000000000000000        2.8571428571428571E-002
 -0.18388033735239329      -0.35522953359084597       -0.0000000000000000        2.8571428571428571E-002
 -0.18388033735239329       0.35522953359084597       -0.0000000000000000        2.8571428571428571E-002
  0.18388033735239329      -0.35522953359084597       -0.0000000000000000        2.8571428571428571E-002
  0.18388033735239329       0.35522953359084597       -0.0000000000000000        2.8571428571428571E-002
 -0.35522953359084597       -0.0000000000000000      -0.18388033735239329        2.8571428571428571E-002
 -0.35522953359084597       -0.0000000000000000       0.18388033735239329        2.8571428571428571E-002
  0.35522953359084597       -0.0000000000000000      -0.18388033735239329        2.8571428571428571E-002
  0.35522953359084597       -0.0000000000000000       0.18388033735239329        2.8571428571428571E-002
 -0.18388033735239329       -0.0000000000000000      -0.35522953359084597        2.8571428571428571E-002
 -0.18388033735239329       -0.0000000000000000       0.35522953359084597        2.8571428571428571E-002
  0.18388033735239329       -0.0000000000000000      -0.35522953359084597        2.8571428571428571E-002
  0.18388033735239329       -0.0000000000000000       0.35522953359084597        2.8571428571428571E-002
  -0.0000000000000000      -0.35522953359084597      -0.18388033735239329        2.8571428571428571E-002
  -0.0000000000000000      -0.35522953359084597       0.18388033735239329        2.8571428571428571E-002
  -0.0000000000000000       0.35522953359084597      -0.18388033735239329        2.8571428571428571E-002
  -0.0000000000000000       0.35522953359084597       0.18388033735239329        2.8571428571428571E-002
  -0.0000000000000000      -0.18388033735239329      -0.35522953359084597        2.8571428571428571E-002
  -0.0000000000000000      -0.18388033735239329       0.35522953359084597        2.8571428571428571E-002
  -0.0000000000000000       0.18388033735239329      -0.35522953359084597        2.8571428571428571E-002
  -0.0000000000000000       0.18388033735239329       0.35522953359084597        2.8571428571428571E-002
  -0.0000000000000000       -0.0000000000000000      -0.19999999999999996        9.5238095238095247E-003
  -0.0000000000000000       -0.0000000000000000       0.19999999999999996        9.5238095238095247E-003
  -0.0000000000000000      -0.19999999999999996       -0.0000000000000000        9.5238095238095247E-003
  -0.0000000000000000       0.19999999999999996       -0.0000000000000000        9.5238095238095247E-003
 -0.19999999999999996       -0.0000000000000000       -0.0000000000000000        9.5238095238095247E-003
  0.19999999999999996       -0.0000000000000000       -0.0000000000000000        9.5238095238095247E-003
 -0.11547005383792515      -0.11547005383792515      -0.11547005383792515        3.2142857142857140E-002
 -0.11547005383792515      -0.11547005383792515       0.11547005383792515        3.2142857142857140E-002
 -0.11547005383792515       0.11547005383792515      -0.11547005383792515        3.2142857142857140E-002
  0.11547005383792515      -0.11547005383792515      -0.11547005383792515        3.2142857142857140E-002
 -0.11547005383792515       0.11547005383792515       0.11547005383792515        3.2142857142857140E-002
  0.11547005383792515      -0.11547005383792515       0.11547005383792515        3.2142857142857140E-002
  0.11547005383792515       0.11547005383792515      -0.11547005383792515        3.2142857142857140E-002
  0.11547005383792515       0.11547005383792515       0.11547005383792515        3.2142857142857140E-002
 -0.17761476679542298       -9.1940168676196643E-002  -0.0000000000000000        2.8571428571428571E-002
 -0.17761476679542298        9.1940168676196643E-002  -0.0000000000000000        2.8571428571428571E-002
  0.17761476679542298       -9.1940168676196643E-002  -0.0000000000000000        2.8571428571428571E-002
  0.17761476679542298        9.1940168676196643E-002  -0.0000000000000000        2.8571428571428571E-002
  -9.1940168676196643E-002 -0.17761476679542298       -0.0000000000000000        2.8571428571428571E-002
  -9.1940168676196643E-002  0.17761476679542298       -0.0000000000000000        2.8571428571428571E-002
   9.1940168676196643E-002 -0.17761476679542298       -0.0000000000000000        2.8571428571428571E-002
   9.1940168676196643E-002  0.17761476679542298       -0.0000000000000000        2.8571428571428571E-002
 -0.17761476679542298       -0.0000000000000000       -9.1940168676196643E-002   2.8571428571428571E-002
 -0.17761476679542298       -0.0000000000000000        9.1940168676196643E-002   2.8571428571428571E-002
  0.17761476679542298       -0.0000000000000000       -9.1940168676196643E-002   2.8571428571428571E-002
  0.17761476679542298       -0.0000000000000000        9.1940168676196643E-002   2.8571428571428571E-002
  -9.1940168676196643E-002  -0.0000000000000000      -0.17761476679542298        2.8571428571428571E-002
  -9.1940168676196643E-002  -0.0000000000000000       0.17761476679542298        2.8571428571428571E-002
   9.1940168676196643E-002  -0.0000000000000000      -0.17761476679542298        2.8571428571428571E-002
   9.1940168676196643E-002  -0.0000000000000000       0.17761476679542298        2.8571428571428571E-002
  -0.0000000000000000      -0.17761476679542298       -9.1940168676196643E-002   2.8571428571428571E-002
  -0.0000000000000000      -0.17761476679542298        9.1940168676196643E-002   2.8571428571428571E-002
  -0.0000000000000000       0.17761476679542298       -9.1940168676196643E-002   2.8571428571428571E-002
  -0.0000000000000000       0.17761476679542298        9.1940168676196643E-002   2.8571428571428571E-002
  -0.0000000000000000       -9.1940168676196643E-002 -0.17761476679542298        2.8571428571428571E-002
  -0.0000000000000000       -9.1940168676196643E-002  0.17761476679542298        2.8571428571428571E-002
  -0.0000000000000000        9.1940168676196643E-002 -0.17761476679542298        2.8571428571428571E-002
  -0.0000000000000000        9.1940168676196643E-002  0.17761476679542298        2.8571428571428571E-002
   0.0000000000000000        0.0000000000000000        0.0000000000000000        9.5238095238095247E-003
   0.0000000000000000        0.0000000000000000       -0.0000000000000000        9.5238095238095247E-003
   0.0000000000000000        0.0000000000000000        0.0000000000000000        9.5238095238095247E-003
   0.0000000000000000       -0.0000000000000000        0.0000000000000000        9.5238095238095247E-003
   0.0000000000000000        0.0000000000000000        0.0000000000000000        9.5238095238095247E-003
  -0.0000000000000000        0.0000000000000000        0.0000000000000000        9.5238095238095247E-003
   0.0000000000000000        0.0000000000000000        0.0000000000000000        3.2142857142857140E-002
   0.0000000000000000        0.0000000000000000       -0.0000000000000000        3.2142857142857140E-002
   0.0000000000000000       -0.0000000000000000        0.0000000000000000        3.2142857142857140E-002
  -0.0000000000000000        0.0000000000000000        0.0000000000000000        3.2142857142857140E-002
   0.0000000000000000       -0.0000000000000000       -0.0000000000000000        3.2142857142857140E-002
  -0.0000000000000000        0.0000000000000000       -0.0000000000000000        3.2142857142857140E-002
  -0.0000000000000000       -0.0000000000000000        0.0000000000000000        3.2142857142857140E-002
  -0.0000000000000000       -0.0000000000000000       -0.0000000000000000        3.2142857142857140E-002
   0.0000000000000000        0.0000000000000000        0.0000000000000000        2.8571428571428571E-002
   0.0000000000000000       -0.0000000000000000        0.0000000000000000        2.8571428571428571E-002
  -0.0000000000000000        0.0000000000000000        0.0000000000000000        2.8571428571428571E-002
  -0.0000000000000000       -0.0000000000000000        0.0000000000000000        2.8571428571428571E-002
   0.0000000000000000        0.0000000000000000        0.0000000000000000        2.8571428571428571E-002
   0.0000000000000000       -0.0000000000000000        0.0000000000000000        2.8571428571428571E-002
  -0.0000000000000000        0.0000000000000000        0.0000000000000000        2.8571428571428571E-002
  -0.0000000000000000       -0.0000000000000000        0.0000000000000000        2.8571428571428571E-002
   0.0000000000000000        0.0000000000000000        0.0000000000000000        2.8571428571428571E-002
   0.0000000000000000        0.0000000000000000       -0.0000000000000000        2.8571428571428571E-002
  -0.0000000000000000        0.0000000000000000        0.0000000000000000        2.8571428571428571E-002
  -0.0000000000000000        0.0000000000000000       -0.0000000000000000        2.8571428571428571E-002
   0.0000000000000000        0.0000000000000000        0.0000000000000000        2.8571428571428571E-002
   0.0000000000000000        0.0000000000000000       -0.0000000000000000        2.8571428571428571E-002
  -0.0000000000000000        0.0000000000000000        0.0000000000000000        2.8571428571428571E-002
  -0.0000000000000000        0.0000000000000000       -0.0000000000000000        2.8571428571428571E-002
   0.0000000000000000        0.0000000000000000        0.0000000000000000        2.8571428571428571E-002
   0.0000000000000000        0.0000000000000000       -0.0000000000000000        2.8571428571428571E-002
   0.0000000000000000       -0.0000000000000000        0.0000000000000000        2.8571428571428571E-002
   0.0000000000000000       -0.0000000000000000       -0.0000000000000000        2.8571428571428571E-002
   0.0000000000000000        0.0000000000000000        0.0000000000000000        2.8571428571428571E-002
   0.0000000000000000        0.0000000000000000       -0.0000000000000000        2.8571428571428571E-002
   0.0000000000000000       -0.0000000000000000        0.0000000000000000        2.8571428571428571E-002
   0.0000000000000000       -0.0000000000000000       -0.0000000000000000        2.8571428571428571E-002
   0.0000000000000000        0.0000000000000000       0.20000000000000018        9.5238095238095247E-003
   0.0000000000000000        0.0000000000000000      -0.20000000000000018        9.5238095238095247E-003
   0.0000000000000000       0.20000000000000018        0.0000000000000000        9.5238095238095247E-003
   0.0000000000000000      -0.20000000000000018        0.0000000000000000        9.5238095238095247E-003
  0.20000000000000018        0.0000000000000000        0.0000000000000000        9.5238095238095247E-003
 -0.20000000000000018        0.0000000000000000        0.0000000000000000        9.5238095238095247E-003
  0.11547005383792527       0.11547005383792527       0.11547005383792527        3.2142857142857140E-002
  0.11547005383792527       0.11547005383792527      -0.11547005383792527        3.2142857142857140E-002
  0.11547005383792527      -0.11547005383792527       0.11547005383792527        3.2142857142857140E-002
 -0.11547005383792527       0.11547005383792527       0.11547005383792527        3.2142857142857140E-002
  0.11547005383792527      -0.11547005383792527      -0.11547005383792527        3.2142857142857140E-002
 -0.11547005383792527       0.11547005383792527      -0.11547005383792527        3.2142857142857140E-002
 -0.11547005383792527      -0.11547005383792527       0.11547005383792527        3.2142857142857140E-002
 -0.11547005383792527      -0.11547005383792527      -0.11547005383792527        3.2142857142857140E-002
  0.17761476679542318        9.1940168676196740E-002   0.0000000000000000        2.8571428571428571E-002
  0.17761476679542318       -9.1940168676196740E-002   0.0000000000000000        2.8571428571428571E-002
 -0.17761476679542318        9.1940168676196740E-002   0.0000000000000000        2.8571428571428571E-002
 -0.17761476679542318       -9.1940168676196740E-002   0.0000000000000000        2.8571428571428571E-002
   9.1940168676196740E-002  0.17761476679542318        0.0000000000000000        2.8571428571428571E-002
   9.1940168676196740E-002 -0.17761476679542318        0.0000000000000000        2.8571428571428571E-002
  -9.1940168676196740E-002  0.17761476679542318        0.0000000000000000        2.8571428571428571E-002
  -9.1940168676196740E-002 -0.17761476679542318        0.0000000000000000        2.8571428571428571E-002
  0.17761476679542318        0.0000000000000000        9.1940168676196740E-002   2.8571428571428571E-002
  0.17761476679542318        0.0000000000000000       -9.1940168676196740E-002   2.8571428571428571E-002
 -0.17761476679542318        0.0000000000000000        9.1940168676196740E-002   2.8571428571428571E-002
 -0.17761476679542318        0.0000000000000000       -9.1940168676196740E-002   2.8571428571428571E-002
   9.1940168676196740E-002   0.0000000000000000       0.17761476679542318        2.8571428571428571E-002
   9.1940168676196740E-002   0.0000000000000000      -0.17761476679542318        2.8571428571428571E-002
  -9.1940168676196740E-002   0.0000000000000000       0.17761476679542318        2.8571428571428571E-002
  -9.1940168676196740E-002   0.0000000000000000      -0.17761476679542318        2.8571428571428571E-002
   0.0000000000000000       0.17761476679542318        9.1940168676196740E-002   2.8571428571428571E-002
   0.0000000000000000       0.17761476679542318       -9.1940168676196740E-002   2.8571428571428571E-002
   0.0000000000000000      -0.17761476679542318        9.1940168676196740E-002   2.8571428571428571E-002
   0.0000000000000000      -0.17761476679542318       -9.1940168676196740E-002   2.8571428571428571E-002
   0.0000000000000000        9.1940168676196740E-002  0.17761476679542318        2.8571428571428571E-002
   0.0000000000000000        9.1940168676196740E-002 -0.17761476679542318        2.8571428571428571E-002
   0.0000000000000000       -9.1940168676196740E-002  0.17761476679542318        2.8571428571428571E-002
   0.0000000000000000       -9.1940168676196740E-002 -0.17761476679542318        2.8571428571428571E-002
   0.0000000000000000        0.0000000000000000       0.40000000000000013        9.5238095238095247E-003
   0.0000000000000000        0.0000000000000000      -0.40000000000000013        9.5238095238095247E-003
   0.0000000000000000       0.40000000000000013        0.0000000000000000        9.5238095238095247E-003
   0.0000000000000000      -0.40000000000000013        0.0000000000000000        9.5238095238095247E-003
  0.40000000000000013        0.0000000000000000        0.0000000000000000        9.5238095238095247E-003
 -0.40000000000000013        0.0000000000000000        0.0000000000000000        9.5238095238095247E-003
  0.23094010767585041       0.23094010767585041       0.23094010767585041        3.2142857142857140E-002
  0.23094010767585041       0.23094010767585041      -0.23094010767585041        3.2142857142857140E-002
  0.23094010767585041      -0.23094010767585041       0.23094010767585041        3.2142857142857140E-002
 -0.23094010767585041       0.23094010767585041       0.23094010767585041        3.2142857142857140E-002
  0.23094010767585041      -0.23094010767585041      -0.23094010767585041        3.2142857142857140E-002
 -0.23094010767585041       0.23094010767585041      -0.23094010767585041        3.2142857142857140E-002
 -0.23094010767585041      -0.23094010767585041       0.23094010767585041        3.2142857142857140E-002
 -0.23094010767585041      -0.23094010767585041      -0.23094010767585041        3.2142857142857140E-002
  0.35522953359084619       0.18388033735239340        0.0000000000000000        2.8571428571428571E-002
  0.35522953359084619      -0.18388033735239340        0.0000000000000000        2.8571428571428571E-002
 -0.35522953359084619       0.18388033735239340        0.0000000000000000        2.8571428571428571E-002
 -0.35522953359084619      -0.18388033735239340        0.0000000000000000        2.8571428571428571E-002
  0.18388033735239340       0.35522953359084619        0.0000000000000000        2.8571428571428571E-002
  0.18388033735239340      -0.35522953359084619        0.0000000000000000        2.8571428571428571E-002
 -0.18388033735239340       0.35522953359084619        0.0000000000000000        2.8571428571428571E-002
 -0.18388033735239340      -0.35522953359084619        0.0000000000000000        2.8571428571428571E-002
  0.35522953359084619        0.0000000000000000       0.18388033735239340        2.8571428571428571E-002
  0.35522953359084619        0.0000000000000000      -0.18388033735239340        2.8571428571428571E-002
 -0.35522953359084619        0.0000000000000000       0.18388033735239340        2.8571428571428571E-002
 -0.35522953359084619        0.0000000000000000      -0.18388033735239340        2.8571428571428571E-002
  0.18388033735239340        0.0000000000000000       0.35522953359084619        2.8571428571428571E-002
  0.18388033735239340        0.0000000000000000      -0.35522953359084619        2.8571428571428571E-002
 -0.18388033735239340        0.0000000000000000       0.35522953359084619        2.8571428571428571E-002
 -0.18388033735239340        0.0000000000000000      -0.35522953359084619        2.8571428571428571E-002
   0.0000000000000000       0.35522953359084619       0.18388033735239340        2.8571428571428571E-002
   0.0000000000000000       0.35522953359084619      -0.18388033735239340        2.8571428571428571E-002
   0.0000000000000000      -0.35522953359084619       0.18388033735239340        2.8571428571428571E-002
   0.0000000000000000      -0.35522953359084619      -0.18388033735239340        2.8571428571428571E-002
   0.0000000000000000       0.18388033735239340       0.35522953359084619        2.8571428571428571E-002
   0.0000000000000000       0.18388033735239340      -0.35522953359084619        2.8571428571428571E-002
   0.0000000000000000      -0.18388033735239340       0.35522953359084619        2.8571428571428571E-002
   0.0000000000000000      -0.18388033735239340      -0.35522953359084619        2.8571428571428571E-002
   0.0000000000000000        0.0000000000000000       0.60000000000000009        9.5238095238095247E-003
   0.0000000000000000        0.0000000000000000      -0.60000000000000009        9.5238095238095247E-003
   0.0000000000000000       0.60000000000000009        0.0000000000000000        9.5238095238095247E-003
   0.0000000000000000      -0.60000000000000009        0.0000000000000000        9.5238095238095247E-003
  0.60000000000000009        0.0000000000000000        0.0000000000000000        9.5238095238095247E-003
 -0.60000000000000009        0.0000000000000000        0.0000000000000000        9.5238095238095247E-003
  0.34641016151377557       0.34641016151377557       0.34641016151377557        3.2142857142857140E-002
  0.34641016151377557       0.34641016151377557      -0.34641016151377557        3.2142857142857140E-002
  0.34641016151377557      -0.34641016151377557       0.34641016151377557        3.2142857142857140E-002
 -0.34641016151377557       0.34641016151377557       0.34641016151377557        3.2142857142857140E-002
  0.34641016151377557      -0.34641016151377557      -0.34641016151377557        3.2142857142857140E-002
 -0.34641016151377557       0.34641016151377557      -0.34641016151377557        3.2142857142857140E-002
 -0.34641016151377557      -0.34641016151377557       0.34641016151377557        3.2142857142857140E-002
 -0.34641016151377557      -0.34641016151377557      -0.34641016151377557        3.2142857142857140E-002
  0.53284430038626918       0.27582050602859004        0.0000000000000000        2.8571428571428571E-002
  0.53284430038626918      -0.27582050602859004        0.0000000000000000        2.8571428571428571E-002
 -0.53284430038626918       0.27582050602859004        0.0000000000000000        2.8571428571428571E-002
 -0.53284430038626918      -0.27582050602859004        0.0000000000000000        2.8571428571428571E-002
  0.27582050602859004       0.53284430038626918        0.0000000000000000        2.8571428571428571E-002
  0.27582050602859004      -0.53284430038626918        0.0000000000000000        2.8571428571428571E-002
 -0.27582050602859004       0.53284430038626918        0.0000000000000000        2.8571428571428571E-002
 -0.27582050602859004      -0.53284430038626918        0.0000000000000000        2.8571428571428571E-002
  0.53284430038626918        0.0000000000000000       0.27582050602859004        2.8571428571428571E-002
  0.53284430038626918        0.0000000000000000      -0.27582050602859004        2.8571428571428571E-002
 -0.53284430038626918        0.0000000000000000       0.27582050602859004        2.8571428571428571E-002
 -0.53284430038626918        0.0000000000000000      -0.27582050602859004        2.8571428571428571E-002
  0.27582050602859004        0.0000000000000000       0.53284430038626918        2.8571428571428571E-002
  0.27582050602859004        0.0000000000000000      -0.53284430038626918        2.8571428571428571E-002
 -0.27582050602859004        0.0000000000000000       0.53284430038626918        2.8571428571428571E-002
 -0.27582050602859004        0.0000000000000000      -0.53284430038626918        2.8571428571428571E-002
   0.0000000000000000       0.53284430038626918       0.27582050602859004        2.8571428571428571E-002
   0.0000000000000000       0.53284430038626918      -0.27582050602859004        2.8571428571428571E-002
   0.0000000000000000      -0.53284430038626918       0.27582050602859004        2.8571428571428571E-002
   0.0000000000000000      -0.53284430038626918      -0.27582050602859004        2.8571428571428571E-002
   0.0000000000000000       0.27582050602859004       0.53284430038626918        2.8571428571428571E-002
   0.0000000000000000       0.27582050602859004      -0.53284430038626918        2.8571428571428571E-002
   0.0000000000000000      -0.27582050602859004       0.53284430038626918        2.8571428571428571E-002
   0.0000000000000000      -0.27582050602859004      -0.53284430038626918        2.8571428571428571E-002
   0.0000000000000000        0.0000000000000000       0.80000000000000004        9.5238095238095247E-003
   0.0000000000000000        0.0000000000000000      -0.80000000000000004        9.5238095238095247E-003
   0.0000000000000000       0.80000000000000004        0.0000000000000000        9.5238095238095247E-003
   0.0000000000000000      -0.80000000000000004        0.0000000000000000        9.5238095238095247E-003
  0.80000000000000004        0.0000000000000000        0.0000000000000000        9.5238095238095247E-003
 -0.80000000000000004        0.0000000000000000        0.0000000000000000        9.5238095238095247E-003
  0.46188021535170071       0.46188021535170071       0.46188021535170071        3.2142857142857140E-002
  0.46188021535170071       0.46188021535170071      -0.46188021535170071        3.2142857142857140E-002
  0.46188021535170071      -0.46188021535170071       0.46188021535170071        3.2142857142857140E-002
 -0.46188021535170071       0.46188021535170071       0.46188021535170071        3.2142857142857140E-002
  0.46188021535170071      -0.46188021535170071      -0.46188021535170071        3.2142857142857140E-002
 -0.46188021535170071       0.46188021535170071      -0.46188021535170071        3.2142857142857140E-002
 -0.46188021535170071      -0.46188021535170071       0.46188021535170071        3.2142857142857140E-002
 -0.46188021535170071      -0.46188021535170071      -0.46188021535170071        3.2142857142857140E-002
  0.71045906718169216       0.36776067470478668        0.0000000000000000        2.8571428571428571E-002
  0.71045906718169216      -0.36776067470478668        0.0000000000000000        2.8571428571428571E-002
 -0.71045906718169216       0.36776067470478668        0.0000000000000000        2.8571428571428571E-002
 -0.71045906718169216      -0.36776067470478668        0.0000000000000000        2.8571428571428571E-002
  0.36776067470478668       0.71045906718169216        0.0000000000000000        2.8571428571428571E-002
  0.36776067470478668      -0.71045906718169216        0.0000000000000000        2.8571428571428571E-002
 -0.36776067470478668       0.71045906718169216        0.0000000000000000        2.8571428571428571E-002
 -0.36776067470478668      -0.71045906718169216        0.0000000000000000        2.8571428571428571E-002
  0.71045906718169216        0.0000000000000000       0.36776067470478668        2.8571428571428571E-002
  0.71045906718169216        0.0000000000000000      -0.36776067470478668        2.8571428571428571E-002
 -0.71045906718169216        0.0000000000000000       0.36776067470478668        2.8571428571428571E-002
 -0.71045906718169216        0.0000000000000000      -0.36776067470478668        2.8571428571428571E-002
  0.36776067470478668        0.0000000000000000       0.71045906718169216        2.8571428571428571E-002
  0.36776067470478668        0.0000000000000000      -0.71045906718169216        2.8571428571428571E-002
 -0.36776067470478668        0.0000000000000000       0.71045906718169216        2.8571428571428571E-002
 -0.36776067470478668        0.0000000000000000      -0.71045906718169216        2.8571428571428571E-002
   0.0000000000000000       0.71045906718169216       0.36776067470478668        2.8571428571428571E-002
   0.0000000000000000       0.71045906718169216      -0.36776067470478668        2.8571428571428571E-002
   0.0000000000000000      -0.71045906718169216       0.36776067470478668        2.8571428571428571E-002
   0.0000000000000000      -0.71045906718169216      -0.36776067470478668        2.8571428571428571E-002
   0.0000000000000000       0.36776067470478668       0.71045906718169216        2.8571428571428571E-002
   0.0000000000000000       0.36776067470478668      -0.71045906718169216        2.8571428571428571E-002
   0.0000000000000000      -0.36776067470478668       0.71045906718169216        2.8571428571428571E-002
   0.0000000000000000      -0.36776067470478668      -0.71045906718169216        2.8571428571428571E-002
   0.0000000000000000        0.0000000000000000        1.0000000000000000        9.5238095238095247E-003
   0.0000000000000000        0.0000000000000000       -1.0000000000000000        9.5238095238095247E-003
   0.0000000000000000        1.0000000000000000        0.0000000000000000        9.5238095238095247E-003
   0.0000000000000000       -1.0000000000000000        0.0000000000000000        9.5238095238095247E-003
   1.0000000000000000        0.0000000000000000        0.0000000000000000        9.5238095238095247E-003
  -1.0000000000000000        0.0000000000000000        0.0000000000000000        9.5238095238095247E-003
  0.57735026918962584       0.57735026918962584       0.57735026918962584        3.2142857142857140E-002
  0.57735026918962584       0.57735026918962584      -0.57735026918962584        3.2142857142857140E-002
  0.57735026918962584      -0.57735026918962584       0.57735026918962584        3.2142857142857140E-002
 -0.57735026918962584       0.57735026918962584       0.57735026918962584        3.2142857142857140E-002
  0.57735026918962584      -0.57735026918962584      -0.57735026918962584        3.2142857142857140E-002
 -0.57735026918962584       0.57735026918962584      -0.57735026918962584        3.2142857142857140E-002
 -0.57735026918962584      -0.57735026918962584       0.57735026918962584        3.2142857142857140E-002
 -0.57735026918962584      -0.57735026918962584      -0.57735026918962584        3.2142857142857140E-002
  0.88807383397711515       0.45970084338098333        0.0000000000000000        2.8571428571428571E-002
  0.88807383397711515      -0.45970084338098333        0.0000000000000000        2.8571428571428571E-002
 -0.88807383397711515       0.45970084338098333        0.0000000000000000        2.8571428571428571E-002
 -0.88807383397711515      -0.45970084338098333        0.0000000000000000        2.8571428571428571E-002
  0.45970084338098333       0.88807383397711515        0.0000000000000000        2.8571428571428571E-002
  0.45970084338098333      -0.88807383397711515        0.0000000000000000        2.8571428571428571E-002
 -0.45970084338098333       0.88807383397711515        0.0000000000000000        2.8571428571428571E-002
 -0.45970084338098333      -0.88807383397711515        0.0000000000000000        2.8571428571428571E-002
  0.88807383397711515        0.0000000000000000       0.45970084338098333        2.8571428571428571E-002
  0.88807383397711515        0.0000000000000000      -0.45970084338098333        2.8571428571428571E-002
 -0.88807383397711515        0.0000000000000000       0.45970084338098333        2.8571428571428571E-002
 -0.88807383397711515        0.0000000000000000      -0.45970084338098333        2.8571428571428571E-002
  0.45970084338098333        0.0000000000000000       0.88807383397711515        2.8571428571428571E-002
  0.45970084338098333        0.0000000000000000      -0.88807383397711515        2.8571428571428571E-002
 -0.45970084338098333        0.0000000000000000       0.88807383397711515        2.8571428571428571E-002
 -0.45970084338098333        0.0000000000000000      -0.88807383397711515        2.8571428571428571E-002
   0.0000000000000000       0.88807383397711515       0.45970084338098333        2.8571428571428571E-002
   0.0000000000000000       0.88807383397711515      -0.45970084338098333        2.8571428571428571E-002
   0.0000000000000000      -0.88807383397711515       0.45970084338098333        2.8571428571428571E-002
   0.0000000000000000      -0.88807383397711515      -0.45970084338098333        2.8571428571428571E-002
   0.0000000000000000       0.45970084338098333       0.88807383397711515        2.8571428571428571E-002
   0.0000000000000000       0.45970084338098333      -0.88807383397711515        2.8571428571428571E-002
   0.0000000000000000      -0.45970084338098333       0.88807383397711515        2.8571428571428571E-002
   0.0000000000000000      -0.45970084338098333      -0.88807383397711515        2.8571428571428571E-002
