   2.4191736386234864E-004   6.2831841116024165     
   9.6813781748744730E-004   6.2831841116026323     
   2.1800683749422576E-003   6.2831841115965315     
   3.8800604998126494E-003   6.2831841115113658     
   6.0714198132693735E-003   6.2831841109566327     
   8.7584197816045553E-003   6.2831841085514748     
   1.1946319480732683E-002   6.2831841004858955     
   1.5641385564817069E-002   6.2831840778409926     
   1.9850918597243816E-002   6.2831840220358881     
   2.4583283934975095E-002   6.2831838975769285     
   2.9847947392256029E-002   6.2831836410485113     
   3.5655515947136250E-002   6.2831831449928313     
   4.2017783794756167E-002   6.2831822349644275     
   4.8947784095346218E-002   6.2831806375978747     
   5.6459846812953671E-002   6.2831779369735017     
   6.4569663093680812E-002   6.2831735158826501     
   7.3294356690403850E-002   6.2831664777514717     
   8.2652563005344792E-002   6.2831555439471556     
   9.2664516393406296E-002   6.2831389199217895     
  0.10335214644890826        6.2831141220991444     
  0.11473918408745507        6.2830777555232542     
  0.12685127833452031        6.2830252299957721     
  0.13971612484450815        6.2829503996579010     
  0.15336360730037979        6.2828451076619931     
  0.16782595298652322        6.2826986136197744     
  0.18313790398882343        6.2824968767999243     
  0.19933690565870749        6.2822216624800786     
  0.21646331418559925        6.2818494325180989     
  0.23456062535855252        6.2813499738308431     
  0.25367572686736545        6.2806847099286260     
  0.27385917680149419        6.2798046317557326     
  0.29516551135775887        6.2786477741754370     
  0.31765358517249154        6.2771361538841690     
  0.34138694815904208        6.2751720758985750     
  0.36643426326758383        6.2726337064077509     
  0.39286977020309866        6.2693698063056482     
  0.42077380085357258        6.2651935195179362     
  0.45023335301098460        6.2598751214900856     
  0.48134272993305766        6.2531336563821078     
  0.51420425441848494        6.2446274379699043     
  0.54892906738194203        6.2339434611666160     
  0.58563802245311503        6.2205858870634616     
  0.62446268992918175        6.2039639278287764     
  0.66554648553465667        6.1833796916323802     
  0.70904594194956949        6.1580168597823315     
  0.75513214403375661        6.1269314709148199     
  0.80399235219613729        6.0890465857295402     
  0.85583184254932354        6.0431531854805121     
  0.91087599749489234        5.9879202771114617     
  0.96937268638033725        5.9219177541698924     
   1.0315949830751130        5.8436559511840702     
   1.0978442760048768        5.7516458045944372     
   1.1684538367037540        5.6444827717798498     
   1.2437929257267939        5.5209557654870833     
   1.3242715303552193        5.3801790648434515     
   1.4103458476194550        5.2217398164826285     
   1.5025246496443685        5.0458470424201911     
   1.6013766973226333        4.8534600207929017     
   1.7075394043085008        4.6463670805382247     
   1.8217289981916835        4.4271826705870208     
   1.9447524819313358        4.1992352798319610     
   2.0775217694449752        3.9663348036083730     
   2.2210704589351082        3.7324362156069038     
   2.3765738217812569        3.5012513373960465     
   2.5453727312311116        3.2758905309579021     
   2.7290024439383922        3.0586228231862673     
   2.9292273925309242        2.8508144388038343     
   3.1480834678978447        2.6530450908414016     
   3.3879296920565323        2.4653371961706134     
   3.6515117429307375        2.2874015182049985     
   3.9420405426604028        2.1188232040628194     
   4.2632901343581757        1.9591649040987920     
   4.6197204536126790        1.8080073422826095     
   5.0166325031258427        1.6649592126524162     
   5.4603660859907466        1.5296572374604114     
   5.9585539793139271        1.4017643427610778     
   6.5204517395146366        1.2809677666966561     
   7.1573699965763700        1.1669773263942886     
   7.8832473202429565        1.0595238438316525     
   8.7154184331465441       0.95835771589039764     
   9.6756577812764384       0.86324761493554081     
   10.791617319347028       0.77397930777671220     
   12.098838361919098       0.69035458221416668     
   13.643615213433289       0.61219027156348282     
   15.487149105132442       0.53931736860797541     
   17.711702323828650       0.47158022136484706     
   20.429934030355373       0.40883580388507512     
   23.799446560168249       0.35095305605124727     
   28.046151442111412       0.29781228700341733     
   33.503141333579592       0.24930463742060638     
   40.678047841170795       0.20533159642350698     
   50.375502529079135       0.16580456934991247     
   63.932955034964976       0.13064449309517148     
   83.707789801940635        9.9781496111437787E-002
   114.17584734866392        7.3154600526966276E-002
   164.70611994486907        5.0711464184908010E-002
   257.72794007935840        3.2408160714152805E-002
   458.70120932628384        1.8208996036629347E-002
   1032.9107921796121        8.0863599895149348E-003
   4133.6429268012425        2.0206120002442588E-003
