  0.10000000000000001        30.893375885864526     
  0.20000000000000001        30.800836087406651     
  0.30000000000000004        30.647231570757466     
  0.40000000000000002        30.433526281150968     
  0.50000000000000000        30.161108570991356     
  0.60000000000000009        29.831822022403749     
  0.70000000000000007        29.447994805790870     
  0.80000000000000004        29.012461443895983     
  0.90000000000000002        28.528571562497113     
   1.0000000000000000        28.000180680804768     
   1.1000000000000001        27.431620032730873     
   1.2000000000000002        26.827644639685690     
   1.3000000000000000        26.193359291155147     
   1.4000000000000001        25.534126394810212     
   1.5000000000000000        24.855459129250267     
   1.6000000000000001        24.162906321654752     
   1.7000000000000002        23.461933646996201     
   1.8000000000000000        22.757809483263124     
   1.9000000000000001        22.055500143313555     
   2.0000000000000000        21.359579047901914     
   2.1000000000000001        20.674154120723816     
   2.2000000000000002        20.002816221083581     
   2.3000000000000003        19.348608122426398     
   2.4000000000000004        18.714014589298724     
   2.5000000000000000        18.100972013537564     
   2.6000000000000001        17.510893131720326     
   2.7000000000000002        16.944706045200530     
   2.8000000000000003        16.402903167886230     
   2.9000000000000004        15.885595599908751     
   3.0000000000000000        15.392571641198051     
   3.1000000000000001        14.923353267135511     
   3.2000000000000002        14.477253625286739     
   3.3000000000000003        14.053426733888847     
   3.4000000000000004        13.650914873111553     
   3.5000000000000000        13.268688945550393     
   3.6000000000000001        12.905680884273199     
   3.7000000000000002        12.560813255014539     
   3.8000000000000003        12.233019264193892     
   3.9000000000000004        11.921260855644654     
   4.0000000000000000        11.624539293047130     
   4.1000000000000005        11.341904067971949     
   4.2000000000000002        11.072457896322039     
   4.2999999999999998        10.815357798404831     
   4.4000000000000004        10.569817596249759     
   4.5000000000000000        10.335104713080124     
   4.6000000000000005        10.110539614126949     
   4.7000000000000002        9.8954930669594248     
   4.8000000000000007        9.6893818929374778     
   4.9000000000000004        9.4916677959799802     
   5.0000000000000000        9.3018520108298866     
   5.1000000000000005        9.1194736201604378     
   5.2000000000000002        8.9441056385040039     
   5.3000000000000007        8.7753528271721333     
   5.4000000000000004        8.6128488105692664     
   5.5000000000000000        8.4562528673827462     
   5.6000000000000005        8.3052492236963982     
   5.7000000000000002        8.1595437384123297     
   5.8000000000000007        8.0188623312919507     
   5.9000000000000004        7.8829501901954204     
   6.0000000000000000        7.7515682431351616     
   6.1000000000000005        7.6244944093932636     
   6.2000000000000002        7.5015202489995216     
   6.3000000000000007        7.3824506102684220     
   6.4000000000000004        7.2671029050869551     
   6.5000000000000000        7.1553056648762841     
   6.6000000000000005        7.0468977351523137     
   6.7000000000000002        6.9417280281379723     
   6.8000000000000007        6.8396541748840125     
   6.9000000000000004        6.7405421794231657     
   7.0000000000000000        6.6442658227967302     
   7.1000000000000005        6.5507063474419205     
   7.2000000000000002        6.4597511576290270     
   7.3000000000000007        6.3712944946937498     
   7.4000000000000004        6.2852360743446969     
   7.5000000000000000        6.2014806035858649     
   7.6000000000000005        6.1199390394498367     
   7.7000000000000002        6.0405259678048902     
   7.8000000000000007        5.9631603458972284     
   7.9000000000000004        5.8877656588709630     
   8.0000000000000000        5.8142688907645725     
   8.0999999999999996        5.7426003458606418     
   8.2000000000000011        5.6726940146809444     
   8.3000000000000007        5.6044859767926285     
   8.4000000000000004        5.5379160345026470     
   8.5000000000000000        5.4729255749373102     
   8.5999999999999996        5.4094591432318353     
   8.7000000000000011        5.3474628619916578     
   8.8000000000000007        5.2868848673207793     
   8.9000000000000004        5.2276754389515387     
   9.0000000000000000        5.1697860651535601     
   9.0999999999999996        5.1131700902512218     
   9.2000000000000011        5.0577823303540512     
   9.3000000000000007        5.0035788717175604     
   9.4000000000000004        4.9505167308585492     
   9.5000000000000000        4.8985541250775562     
   9.6000000000000014        4.8476509375518502     
   9.7000000000000011        4.7977677433399046     
   9.8000000000000007        4.7488658372583714     
   9.9000000000000004        4.7009077570992286     
   10.000000000000000        4.6538569148729705     
   10.100000000000001        4.6076778859002285     
   10.200000000000001        4.5623355796440945     
   10.300000000000001        4.5177961214706110     
   10.400000000000000        4.4740271366309541     
   10.500000000000000        4.4309959328892168     
   10.600000000000001        4.3886715415985993     
   10.700000000000001        4.3470238206053349     
   10.800000000000001        4.3060230220801934     
   10.900000000000000        4.2656411203564311     
   11.000000000000000        4.2258506678267080     
   11.100000000000001        4.1866247251360562     
   11.200000000000001        4.1479384585895511     
   11.300000000000001        4.1097668259161972     
   11.400000000000000        4.0720860830408956     
   11.500000000000000        4.0348741028251585     
   11.600000000000001        3.9981091462896607     
   11.700000000000001        3.9617709901059230     
   11.800000000000001        3.9258396376753670     
   11.900000000000000        3.8902969110403149     
   12.000000000000000        3.8551248782509768     
   12.100000000000001        3.8203077395408140     
   12.200000000000001        3.7858294789793128     
   12.300000000000001        3.7516760259602489     
   12.400000000000000        3.7178335089538304     
   12.500000000000000        3.6842896595339871     
   12.600000000000001        3.6510322609176371     
   12.700000000000001        3.6180516108477030     
   12.800000000000001        3.5853372402503143     
   12.900000000000000        3.5528808810250982     
   13.000000000000000        3.5206739503321494     
   13.100000000000001        3.4887096591107944     
   13.200000000000001        3.4569812736582475     
   13.300000000000001        3.4254835871036700     
   13.400000000000000        3.3942118147607467     
   13.500000000000000        3.3631617377406409     
   13.600000000000001        3.3323299754717537     
   13.700000000000001        3.3017133661983600     
   13.800000000000001        3.2713101882796396     
   13.900000000000000        3.2411191836872328     
   14.000000000000000        3.2111388605258098     
   14.100000000000001        3.1813690380192923     
   14.200000000000001        3.1518095379608435     
   14.300000000000001        3.1224610628765181     
   14.400000000000000        3.0933247173952032     
   14.500000000000000        3.0644014250194447     
   14.600000000000001        3.0356932911504799     
   14.700000000000001        3.0072023257490894     
   14.800000000000001        2.9789303784402419     
   14.900000000000000        2.9508805191406289     
   15.000000000000000        2.9230557657348961     
   15.100000000000001        2.8954589609979644     
   15.200000000000001        2.8680935691063789     
   15.300000000000001        2.8409629680634247     
   15.400000000000000        2.8140706929446533     
   15.500000000000000        2.7874205236340397     
   15.600000000000001        2.7610165727538085     
   15.700000000000001        2.7348625376891058     
   15.800000000000001        2.7089623184430960     
   15.900000000000000        2.6833202555037645     
   16.000000000000000        2.6579400539720113     
   16.100000000000001        2.6328257325578832     
   16.199999999999999        2.6079815882501438     
   16.300000000000001        2.5834115802471986     
   16.400000000000002        2.5591193620947639     
   16.500000000000000        2.5351091350322683     
   16.600000000000001        2.5113845746460313     
   16.699999999999999        2.4879491924438728     
   16.800000000000001        2.4648070161803592     
   16.900000000000002        2.4419612230695513     
   17.000000000000000        2.4194154468986326     
   17.100000000000001        2.3971728805627932     
   17.199999999999999        2.3752363482818386     
   17.300000000000001        2.3536094206718507     
   17.400000000000002        2.3322945818470386     
   17.500000000000000        2.3112945464523267     
   17.600000000000001        2.2906121458333968     
   17.699999999999999        2.2702492542167345     
   17.800000000000001        2.2502085678181105     
   17.900000000000002        2.2304918495788879     
   18.000000000000000        2.2111011427498064     
   18.100000000000001        2.1920379405684218     
   18.199999999999999        2.1733040015957199     
   18.300000000000001        2.1549005941257908     
   18.400000000000002        2.1368287149463066     
   18.500000000000000        2.1190895862861714     
   18.600000000000001        2.1016838532759436     
   18.699999999999999        2.0846124727498765     
   18.800000000000001        2.0678755587331752     
   18.900000000000002        2.0514735495790823     
   19.000000000000000        2.0354066081060167     
   19.100000000000001        2.0196747142738927     
   19.200000000000003        2.0042775329146729     
   19.300000000000001        1.9892149375320274     
   19.400000000000002        1.9744859805461688     
   19.500000000000000        1.9600903465720958     
   19.600000000000001        1.9460270998486380     
   19.700000000000003        1.9322952463848408     
   19.800000000000001        1.9188934674078404     
   19.900000000000002        1.9058206931662729     
   20.000000000000000        1.8930753313175497     
   20.100000000000001        1.8806560113419102     
   20.200000000000003        1.8685607663116925     
   20.300000000000001        1.8567880630598239     
   20.400000000000002        1.8453356222851529     
   20.500000000000000        1.8342015244251824     
   20.600000000000001        1.8233835276417338     
   20.700000000000003        1.8128795360515180     
   20.800000000000001        1.8026869398298504     
   20.900000000000002        1.7928032676547934     
   21.000000000000000        1.7832260557367268     
   21.100000000000001        1.7739522289637508     
   21.200000000000003        1.7649792695040278     
   21.300000000000001        1.7563042292186890     
   21.400000000000002        1.7479243742627553     
   21.500000000000000        1.7398363655238174     
   21.600000000000001        1.7320370387821109     
   21.700000000000003        1.7245235169451552     
   21.800000000000001        1.7172922801230908     
   21.900000000000002        1.7103402679885567     
   22.000000000000000        1.7036637795744201     
   22.100000000000001        1.6972598286102221     
   22.200000000000003        1.6911245331661142     
   22.300000000000001        1.6852547328886052     
   22.400000000000002        1.6796469532060625     
   22.500000000000000        1.6742971565018667     
   22.600000000000001        1.6692019629028811     
   22.700000000000003        1.6643578229510432     
   22.800000000000001        1.6597608415740202     
   22.900000000000002        1.6554077101673585     
   23.000000000000000        1.6512943883517619     
   23.100000000000001        1.6474171711441274     
   23.200000000000003        1.6437727623302161     
   23.300000000000001        1.6403566598983337     
   23.400000000000002        1.6371657007133436     
   23.500000000000000        1.6341960434334570     
   23.600000000000001        1.6314437121131675     
   23.700000000000003        1.6289051763722970     
   23.800000000000001        1.6265765896701394     
   23.900000000000002        1.6244541046636847     
   24.000000000000000        1.6225342463253964     
   24.100000000000001        1.6208130864108268     
   24.200000000000003        1.6192869573671909     
   24.300000000000001        1.6179523732709986     
   24.400000000000002        1.6168053090672903     
   24.500000000000000        1.6158424050098252     
   24.600000000000001        1.6150599439634068     
   24.700000000000003        1.6144542660427483     
   24.800000000000001        1.6140217933562298     
   24.900000000000002        1.6137592259896645     
   25.000000000000000        1.6136627295721719     
   25.100000000000001        1.6137287250153620     
   25.200000000000003        1.6139541232670469     
   25.300000000000001        1.6143355243086996     
   25.400000000000002        1.6148691428132813     
   25.500000000000000        1.6155520159552335     
   25.600000000000001        1.6163805257654378     
   25.700000000000003        1.6173515713817153     
   25.800000000000001        1.6184619749109581     
   25.900000000000002        1.6197083421340381     
   26.000000000000000        1.6210878322560600     
   26.100000000000001        1.6225969405156802     
   26.200000000000003        1.6242327545905741     
   26.300000000000001        1.6259922596062033     
   26.400000000000002        1.6278726303585855     
   26.500000000000000        1.6298706632564921     
   26.600000000000001        1.6319836083147230     
   26.700000000000003        1.6342087084793619     
   26.800000000000001        1.6365428613890447     
   26.900000000000002        1.6389834916528829     
   27.000000000000000        1.6415279570553694     
   27.100000000000001        1.6441735109199258     
   27.200000000000003        1.6469175122154178     
   27.300000000000001        1.6497573623684691     
   27.400000000000002        1.6526905838923489     
   27.500000000000000        1.6557147804724437     
   27.600000000000001        1.6588272010045830     
   27.700000000000003        1.6620258665147718     
   27.800000000000001        1.6653081145513364     
   27.900000000000002        1.6686718577093771     
   28.000000000000000        1.6721147118953674     
   28.100000000000001        1.6756343655584889     
   28.200000000000003        1.6792289875109478     
   28.300000000000001        1.6828961650875454     
   28.400000000000002        1.6866339745142689     
   28.500000000000000        1.6904402711113118     
   28.600000000000001        1.6943131025188880     
   28.700000000000003        1.6982506007024933     
   28.800000000000001        1.7022507930018027     
   28.900000000000002        1.7063119244594194     
   29.000000000000000        1.7104319925255322     
   29.100000000000001        1.7146093952494865     
   29.200000000000003        1.7188422904930849     
   29.300000000000001        1.7231290678617930     
   29.400000000000002        1.7274681843062585     
   29.500000000000000        1.7318577217236286     
   29.600000000000001        1.7362964251024819     
   29.700000000000003        1.7407825625806124     
   29.800000000000001        1.7453146979047500     
   29.900000000000002        1.7498914825291705     
   30.000000000000000        1.7545112761195469     
   30.100000000000001        1.7591729317946019     
   30.200000000000003        1.7638749955352413     
   30.300000000000001        1.7686160655624887     
   30.400000000000002        1.7733949811551939     
   30.500000000000000        1.7782105317400725     
   30.600000000000001        1.7830614142796801     
   30.700000000000003        1.7879465906967569     
   30.800000000000001        1.7928647302813350     
   30.900000000000002        1.7978147770271398     
   31.000000000000000        1.8027957967918820     
   31.100000000000001        1.8078065646330277     
   31.200000000000003        1.8128461868834735     
   31.300000000000001        1.8179136177776163     
   31.400000000000002        1.8230078688784208     
   31.500000000000000        1.8281279879945536     
   31.600000000000001        1.8332732081827161     
   31.700000000000003        1.8384424991071306     
   31.800000000000001        1.8436351680642120     
   31.900000000000002        1.8488502098952415     
   32.000000000000000        1.8540869045897468     
   32.100000000000001        1.8593444592972632     
   32.200000000000003        1.8646221906578002     
   32.300000000000004        1.8699192552079253     
   32.399999999999999        1.8752351037644910     
   32.500000000000000        1.8805688750029756     
   32.600000000000001        1.8859199828684199     
   32.700000000000003        1.8912877762673703     
   32.800000000000004        1.8966716808151383     
   32.899999999999999        1.9020709888340952     
   33.000000000000000        1.9074852546966188     
   33.100000000000001        1.9129138197279558     
   33.200000000000003        1.9183561602032839     
   33.300000000000004        1.9238117706906892     
   33.399999999999999        1.9292801678103906     
   33.500000000000000        1.9347607954987636     
   33.600000000000001        1.9402532691565892     
   33.700000000000003        1.9457570699960194     
   33.800000000000004        1.9512717586231521     
   33.899999999999999        1.9567969456931165     
   34.000000000000000        1.9623321717070141     
   34.100000000000001        1.9678770485452641     
   34.200000000000003        1.9734312090624877     
   34.300000000000004        1.9789942306798320     
   34.399999999999999        1.9845658176836876     
   34.500000000000000        1.9901455817158014     
   34.600000000000001        1.9957332208380845     
   34.700000000000003        2.0013283597604961     
   34.800000000000004        2.0069307738045215     
   34.899999999999999        2.0125400883517934     
   35.000000000000000        2.0181560690799358     
   35.100000000000001        2.0237784306621047     
   35.200000000000003        2.0294069248439772     
   35.300000000000004        2.0350412821662811     
   35.399999999999999        2.0406812505746554     
   35.500000000000000        2.0463266189110993     
   35.600000000000001        2.0519771490510728     
   35.700000000000003        2.0576326171823838     
   35.800000000000004        2.0632928269329920     
   35.899999999999999        2.0689575454140665     
   36.000000000000000        2.0746265757669944     
   36.100000000000001        2.0802997676150032     
   36.200000000000003        2.0859769055287187     
   36.300000000000004        2.0916578732293947     
   36.399999999999999        2.0973424605417712     
   36.500000000000000        2.1030305079822309     
   36.600000000000001        2.1087218446772011     
   36.700000000000003        2.1144163305846897     
   36.800000000000004        2.1201138426752553     
   36.899999999999999        2.1258142630261911     
   37.000000000000000        2.1315174893866922     
   37.100000000000001        2.1372234024568537     
   37.200000000000003        2.1429318308622669     
   37.300000000000004        2.1486426289624072     
   37.399999999999999        2.1543556677213269     
   37.500000000000000        2.1600708275579308     
   37.600000000000001        2.1657880819469177     
   37.700000000000003        2.1715073916798966     
   37.800000000000004        2.1772287040441416     
   37.899999999999999        2.1829519050158774     
   38.000000000000000        2.1886768351287178     
   38.100000000000001        2.1944033097320399     
   38.200000000000003        2.2001311840521223     
   38.300000000000004        2.2058604574756986     
   38.400000000000006        2.2115911869605909     
   38.500000000000000        2.2173234888479962     
   38.600000000000001        2.2230573613706812     
   38.700000000000003        2.2287926645252290     
   38.800000000000004        2.2345291088595269     
   38.900000000000006        2.2402663791808100     
   39.000000000000000        2.2460043061410246     
   39.100000000000001        2.2517429488529657     
   39.200000000000003        2.2574826042693048     
   39.300000000000004        2.2632236054142161     
   39.400000000000006        2.2689661231128788     
   39.500000000000000        2.2747099551480758     
   39.600000000000001        2.2804545711909525     
   39.700000000000003        2.2861993386850847     
   39.800000000000004        2.2919438534447236     
   39.900000000000006        2.2976882309528435     
   40.000000000000000        2.3034331092135778     
   40.100000000000001        2.3091793641538043     
   40.200000000000003        2.3149275974747856     
   40.300000000000004        2.3206777290534442     
   40.400000000000006        2.3264288708837926     
   40.500000000000000        2.3321796681904980     
   40.600000000000001        2.3379289971184511     
   40.700000000000003        2.3436766293395483     
   40.800000000000004        2.3494235260180165     
   40.900000000000006        2.3551715071882833     
   41.000000000000000        2.3609223766148704     
   41.100000000000001        2.3666768887959280     
   41.200000000000003        2.3724341291687772     
   41.300000000000004        2.3781917030782589     
   41.400000000000006        2.3839467675202912     
   41.500000000000000        2.3896974854443949     
   41.600000000000001        2.3954441971768139     
   41.700000000000003        2.4011896020977868     
   41.800000000000004        2.4069377336952975     
   41.900000000000006        2.4126920372205269     
   42.000000000000000        2.4184534651061576     
   42.100000000000001        2.4242195453704078     
   42.200000000000003        2.4299850805317571     
   42.300000000000004        2.4357443700951928     
   42.400000000000006        2.4414940278310944     
   42.500000000000000        2.4472350670744420     
   42.600000000000001        2.4529730932601215     
   42.700000000000003        2.4587162223250938     
   42.800000000000004        2.4644714455907026     
   42.900000000000006        2.4702410023421435     
   43.000000000000000        2.4760205492565350     
   43.100000000000001        2.4818002676563524     
   43.200000000000003        2.4875687704687368     
   43.300000000000004        2.4933183256279010     
   43.400000000000006        2.4990490728498491     
   43.500000000000000        2.5047701038735322     
   43.600000000000001        2.5104964873896254     
   43.700000000000003        2.5162430939771001     
   43.800000000000004        2.5220176768153832     
   43.900000000000006        2.5278163051583356     
   44.000000000000000        2.5336235325916192     
   44.100000000000001        2.5394178248199957     
   44.200000000000003        2.5451804347130387     
   44.300000000000004        2.5509041741351841     
   44.400000000000006        2.5565981548016077     
   44.500000000000000        2.5622859187417850     
   44.600000000000001        2.5679969952235466     
   44.700000000000003        2.5737548060312383     
   44.800000000000004        2.5795657365012468     
   44.900000000000006        2.5854142208265962     
   45.000000000000000        2.5912666254038106     
   45.100000000000001        2.5970832691081629     
   45.200000000000003        2.6028344042581670     
   45.300000000000004        2.6085138864699853     
   45.400000000000006        2.6141445873585085     
   45.500000000000000        2.6197724148221564     
   45.600000000000001        2.6254501950704565     
   45.700000000000003        2.6312169340720795     
   45.800000000000004        2.6370803998464516     
   45.900000000000006        2.6430103969224747     
   46.000000000000000        2.6489465150947078     
   46.100000000000001        2.6548187265095291     
   46.200000000000003        2.6605739653386986     
   46.300000000000004        2.6661988273103736     
   46.400000000000006        2.6717291488479029     
   46.500000000000000        2.6772414768382680     
   46.600000000000001        2.6828279915722031     
   46.700000000000003        2.6885629224315113     
   46.800000000000004        2.6944724475196713     
   46.900000000000006        2.7005197846476445     
   47.000000000000000        2.7066124687931068     
   47.100000000000001        2.7126311068996851     
   47.200000000000003        2.7184708661420798     
   47.300000000000004        2.7240815250721528     
   47.400000000000006        2.7294912845867985     
   47.500000000000000        2.7348042594881656     
   47.600000000000001        2.7401702965952861     
   47.700000000000003        2.7457356200727254     
   47.800000000000004        2.7515903288203094     
   47.900000000000006        2.7577311271709744     
   48.000000000000000        2.7640536959031072     
   48.100000000000001        2.7703797941548687     
   48.200000000000003        2.7765124440588118     
   48.300000000000004        2.7823023235299318     
   48.400000000000006        2.7877033952596637     
   48.500000000000000        2.7927978992750266     
   48.600000000000001        2.7977798444316595     
   48.700000000000003        2.8028994058150785     
   48.800000000000004        2.8083839470368863     
   48.900000000000006        2.8143602838543562     
   49.000000000000000        2.8208040728535946     
   49.100000000000001        2.8275350030432733     
   49.200000000000003        2.8342626867882932     
   49.300000000000004        2.8406719346799094     
   49.400000000000006        2.8465225957444087     
   49.500000000000000        2.8517328498739376     
   49.600000000000001        2.8564181547697860     
   49.700000000000003        2.8608704135011940     
   49.800000000000004        2.8654798819120093     
   49.900000000000006        2.8706204999958391     
   50.000000000000000        2.8765320274446546     
