   2.4191736386234864E-004  0.99999992191468123       -6.4555362607609254E-004  -6.4555817635891799E-004  -2.6684877635608175       -2.6684674283628880     
   9.6813781748744730E-004  0.99999874942592881       -2.5834612937839178E-003  -2.5834864117939560E-003  -2.6684783772471090       -2.6684842696246949     
   2.1800683749422576E-003  0.99999365876023250       -5.8174502549594781E-003  -5.8175345230608855E-003  -2.6684376242033361       -2.6684404952897069     
   3.8800604998126494E-003  0.99997991332953673       -1.0353688415782743E-002  -1.0353903352239513E-002  -2.6683275866060798       -2.6683345755183270     
   6.0714198132693735E-003  0.99995081811511888       -1.6200716453490149E-002  -1.6201177923676369E-002  -2.6680946712586855       -2.6681052368543083     
   8.7584197816045553E-003  0.99989765547605847       -2.3369349520553761E-002  -2.3370230191417818E-002  -2.6676691011005271       -2.6676844939485687     
   1.1946319480732683E-002  0.99980960206935554       -3.1872545199384733E-002  -3.1874088320265059E-002  -2.6669642614111511       -2.6669853468935067     
   1.5641385564817069E-002  0.99967362650341363       -4.1725233306127769E-002  -4.1727768104934171E-002  -2.6658759012894722       -2.6659036858262226     
   1.9850918597243816E-002  0.99947436730147499       -5.2944101994373396E-002  -5.2948061009885805E-002  -2.6642811918171021       -2.6643167006944770     
   2.4583283934975095E-002  0.99919399073363391       -6.5547333360550616E-002  -6.5553272046372513E-002  -2.6620376436166580       -2.6620819563269729     
   2.9847947392256029E-002  0.99881202809390146       -7.9554280385081860E-002  -7.9562899349568283E-002  -2.6589818884267618       -2.6590361336808339     
   3.5655515947136250E-002  0.99830519206313661       -9.4985075541223943E-002  -9.4997245806496267E-002  -2.6549283319988262       -2.6549936913589960     
   4.2017783794756167E-002  0.99764717192277963      -0.11186015975350849      -0.11187695143973997       -2.6496676892733650       -2.6497453963934618     
   4.8947784095346218E-002  0.99680840758469025      -0.13019971858040369      -0.13022243343212381       -2.6429654176516029       -2.6430567559101821     
   5.6459846812953671E-002  0.99575584269930972      -0.15002301052782918      -0.15005321870358301       -2.6345600705241519       -2.6346663675722413     
   6.4569663093680812E-002  0.99445265752278633      -0.17134757027697586      -0.17138715181035025       -2.6241616013879128       -2.6242842199301002     
   7.3294356690403850E-002  0.99285798279408832      -0.19418826734983377      -0.19423945865336378       -2.6114496592705323       -2.6115899831932525     
   8.2652563005344792E-002  0.99092659663240545      -0.21855619837527324      -0.21862164408710782       -2.5960719292489784       -2.5962313437951190     
   9.2664516393406296E-002  0.98860860745776757      -0.24445738871882031      -0.24454019907553004       -2.5776425881240628       -2.5778224527286846     
  0.10335214644890826       0.98584912721677898      -0.27189127689585130      -0.27199509063082417       -2.5557409653925034       -2.5559425774380613     
  0.11473918408745507       0.98258794082323586      -0.30084895304188347      -0.30097800554037235       -2.5299105241996438       -2.5301350717031723     
  0.12685127833452031       0.97875917977302840      -0.33131112096684867      -0.33147031702410601       -2.4996583066592648       -2.4999068074258401     
  0.13971612484450815       0.97429101044773192      -0.36324575225383821      -0.36344074224860634       -2.4644550235027678       -2.4647282480564341     
  0.15336360730037979       0.96910535077561877      -0.39660540086066243      -0.39684265842850053       -2.4237360101338070       -2.4240343852603035     
  0.16782595298652322       0.96311763277534845      -0.43132414825926790      -0.43161104657641758       -2.3769033203496233       -2.3772268097438154     
  0.18313790398882343       0.95623663317478991      -0.46731415298227746      -0.46765903549017906       -2.3233292855157561       -2.3236772437598248     
  0.19933690565870749       0.94836439988338017      -0.50446178541880915      -0.50487402515996394       -2.2623619306572986       -2.2627329265651435     
  0.21646331418559925       0.93939630869895607      -0.54262333993876077      -0.54311337956091421       -2.1933327088346211       -2.1937243142270129     
  0.23456062535855252       0.92922129232124562      -0.58162033333853080      -0.58219969517699255       -2.1155670892648826       -2.1159756296965599     
  0.25367572686736545       0.91772229254748994      -0.62123442293009790      -0.62191567532660841       -2.0283986092569983       -2.0288188740910202     
  0.27385917680149419       0.90477699638207620      -0.66120201142871660      -0.66199867354367825       -1.9311870691483544       -1.9316119801263008     
  0.29516551135775887       0.89025892751334990      -0.70120865156951195      -0.70213501439406301       -1.8233416038638128       -1.8237618440917389     
  0.31765358517249154       0.87403897581484946      -0.74088342383262351      -0.74195425999758413       -1.7043493909606615       -1.7047530005637441     
  0.34138694815904208       0.85598745855319136      -0.77979353867192369      -0.78102366821523717       -1.5738107339838125       -1.5741826849349283     
  0.36643426326758383       0.83597681677817104      -0.81743951300774398      -0.81884318695363767       -1.4314811655127277       -1.4318029370095842     
  0.39286977020309866       0.81388505735088168      -0.85325139167436581      -0.85484145088054220       -1.2773210118608291       -1.2775701996473918     
  0.42077380085357258       0.78960005295905400      -0.88658662891241236      -0.88837339339792898       -1.1115525068465033       -1.1117025156219396     
  0.45023335301098460       0.76302480612857904      -0.91673041133399558      -0.91872025708000571      -0.93472398139383572      -0.93474386939346188     
  0.48134272993305766       0.73408376446946200      -0.94289938647493954      -0.94509297515245372      -0.74777982648673669      -0.74763439532652343     
  0.51420425441848494       0.70273023781280186      -0.96424994820346022      -0.96664009402593187      -0.55213376266582725      -0.55178401285632284     
  0.54892906738194203       0.66895490691804083      -0.97989240080529871      -0.98246159231048136      -0.34974138845974867      -0.34914548932492201     
  0.58563802245311503       0.63279532047140730      -0.98891244373160370      -0.99163009215691833      -0.14316598325201282      -0.14228093099771050     
  0.62446268992918175       0.59434614416536169      -0.99040143846715278      -0.99322100410323610        6.4370883900738710E-002   6.5586732084897181E-002
  0.66554648553465667       0.55376974556178815      -0.98349676750939907      -0.98635302553380022       0.26896514119307435       0.27054847750222977     
  0.70904594194956949       0.51130646695112303      -0.96743318131082756      -0.97024003024164696       0.46604643860039591       0.46802422763929086     
  0.75513214403375661       0.46728365757222212      -0.94160524172281690      -0.94425462473128441       0.65045132288925367       0.65283481435271884     
  0.80399235219613729       0.42212221954186741      -0.90563969142123191      -0.90800237464776679       0.81657123289396916       0.81934893612382065     
  0.85583184254932354       0.37633909933973392      -0.85947470515710211      -0.86140379985255411       0.95859233442064473       0.96172243234067878     
  0.91087599749489234       0.33054388418473879      -0.80344046616769149      -0.80477862873971184        1.0708397118284936        1.0742428187420001     
  0.96937268638033725       0.28542752706474361      -0.73833244080795557      -0.73892354287328077        1.1482286040549203        1.1517823024714235     
   1.0315949830751130       0.24174134670626976      -0.66546539407450678      -0.66517100595055245        1.1868086504119928        1.1903458031554448     
   1.0978442760048768       0.20026497812991040      -0.58669321649342743      -0.58541337587866027        1.1843627036470858        1.1876759704317132     
   1.1684538367037540       0.16176303810975939      -0.50437804186634283      -0.50207442387012857        1.1409907176593237        1.1438457432252367     
   1.2437929257267939       0.12693202436061771      -0.42129335214629943      -0.41801120209461440        1.0595757950678513        1.0617348124603607     
   1.3242715303552193        9.6341367122927665E-002 -0.34045143164325892      -0.33633481400231302       0.94600253981814431       0.94725826111988831     
   1.4103458476194550        7.0375343062916679E-002 -0.26485700672048273      -0.26015076256941250       0.80899131256440904       0.80920774907894644     
   1.5025246496443685        4.9185154494814989E-002 -0.19720638079685929      -0.19223869973262470       0.65944297137232799       0.65859552756257722     
   1.6013766973226333        3.2661914057590585E-002 -0.13957269156353530      -0.13471545235834900       0.50927178079741131       0.50747478046866301     
   1.7075394043085008        2.0440367273985169E-002  -9.3137536566196083E-002  -8.8747981616487615E-002  0.36984087322673653       0.36734885928180955     
   1.8217289981916835        1.1938920385738426E-002  -5.8038228098481290E-002  -5.4393969589889422E-002  0.25028020178656674       0.24745277886452352     
   1.9447524819313358        6.4337702838094552E-003  -3.3388368824626161E-002  -3.0634816550899016E-002  0.15610214866640060       0.15333274590379706     
   2.0775217694449752        3.1551256202958940E-003  -1.7491520197523439E-002  -1.5621613815905662E-002   8.8550820808259226E-002   8.6175987776610743E-002
   2.2210704589351082        1.3850319620481437E-003  -8.2089469470562910E-003  -7.0857729881177592E-003   4.4957671945086902E-002   4.3178326292073625E-002
   2.3765738217812569        5.3355478073182727E-004  -3.3837295340490414E-003  -2.7987420499902705E-003   2.0035353055443312E-002   1.8883723544205554E-002
   2.5453727312311116        1.7609894755477308E-004  -1.1961164549871260E-003  -9.3829865752900700E-004   7.6544609035608356E-003   7.0226313245894904E-003
   2.7290024439383922        4.8365552907712801E-005  -3.5221301412961641E-004  -2.5889378756010199E-004   2.4358619085389096E-003   2.1496256184717908E-003
   2.9292273925309242        1.0667455250930249E-005  -8.3383329759003616E-005  -5.6636966961070816E-005   6.2330892911326369E-004   5.1988911341067923E-004
   3.1480834678978447        1.8086442046719379E-006  -1.5193740239959029E-005  -9.3889071216629082E-006   1.2281055559490770E-004   9.4334023545581915E-005
   3.3879296920565323        2.2334569695955320E-007  -2.0191905085876240E-006  -1.1161109312646467E-006   1.7658801382285600E-005   1.2030753340651095E-005
   3.6515117429307375        1.8785215649004494E-008  -1.8304345475473186E-007  -8.8921456016531429E-008   1.7334503477570935E-006   9.9588316317690122E-007
   3.9420405426604028        9.8958774527108847E-010  -1.0409759894792071E-008  -4.3673857525740637E-009   1.0686257367402211E-007   4.8905540891520726E-008
   4.2632901343581757        2.9378857180822805E-011  -3.3422975036660150E-010  -1.1913707437674716E-010   3.7239810588632627E-009   1.2760437672562689E-009
   4.6197204536126790        4.2991214477385730E-013  -5.2998152171580269E-012  -1.5820842502989390E-012   6.4187159555199422E-011   1.7359011014188603E-011
   5.0166325031258427        2.6127001418510621E-015  -3.4975761104385066E-014  -8.6392664794553179E-015   4.6124245360899958E-013  -3.0253713411098126E-013
   5.4603660859907466        5.2869600338662593E-018  -7.7035890192321987E-017  -1.5589558532875694E-017   1.1083758711582117E-015   9.6348443322376450E-014
   5.9585539793139271        2.6719094814497673E-021  -4.2484248115062421E-020  -6.9831686781577182E-021   6.6838369492154139E-019  -2.4221028288286849E-014
   6.5204517395146366        2.3106134308440016E-025  -4.0204095479026592E-024  -5.3232364293364931E-025   6.9337535538157874E-023   6.0806698725513437E-015
   7.1573699965763700        2.0687906891544378E-030  -3.9512575507954583E-029  -4.1778619943107058E-030   7.4914431001158227E-028  -1.5220772773179577E-015
   7.8832473202429565        9.7596645679882653E-037  -2.0530775817892886E-035  -1.7172948028037648E-036   4.2928831159146214E-034   3.7977590745331711E-016
   8.7154184331465441        9.6708568316273469E-045  -2.2491504858548189E-043  -1.4729260846185906E-044   5.2050411169246679E-042  -9.4424254840870004E-017
   9.6756577812764384        5.6544083145022068E-055  -1.4599331944700234E-053  -7.4003233340864556E-055   3.7543683338724671E-052   2.3385320325052137E-017
   10.791617319347028        3.2904879556839101E-068  -9.4757186942229925E-067  -3.6709110105715163E-068   2.7199710328970024E-065  -5.7665774511032996E-018
   12.098838361919098        1.5076413443816513E-085  -4.8675119989942251E-084  -1.4209142839905457E-085   1.5674828019526950E-082   1.4150978792026241E-018
   13.643615213433289        1.3661365937733032E-108  -4.9738067191449620E-107  -1.0768602295280957E-108   1.8072095143439941E-105  -3.4537088939210414E-019
   15.487149105132442        1.0392227528260814E-139  -4.2948247153384638E-138  -6.7741066141322805E-140   1.7721609770020989E-136   8.3772446016409540E-020
   17.711702323828650        1.6689814737157102E-182  -7.8881859142665632E-181  -8.8814962838627935E-183   3.7237768827971505E-179  -2.0176759770654816E-020
   20.429934030355373        1.3990722692213575E-242  -7.6273281300235305E-241  -5.9891150893809625E-243   4.1544602522854763E-239   4.8202305981332243E-021
   23.799446560168249        0.0000000000000000       -0.0000000000000000        0.0000000000000000        0.0000000000000000       -1.1406854569178050E-021
   28.046151442111412        0.0000000000000000       -0.0000000000000000        0.0000000000000000        0.0000000000000000        2.6693389607816305E-022
   33.503141333579592        0.0000000000000000       -0.0000000000000000        0.0000000000000000        0.0000000000000000       -6.1633906691202414E-023
   40.678047841170795        0.0000000000000000       -0.0000000000000000        0.0000000000000000        0.0000000000000000        1.4000276559714210E-023
   50.375502529079135        0.0000000000000000       -0.0000000000000000        0.0000000000000000        0.0000000000000000       -3.1160679446606706E-024
   63.932955034964976        0.0000000000000000       -0.0000000000000000        0.0000000000000000        0.0000000000000000        6.7569435816138091E-025
   83.707789801940635        0.0000000000000000       -0.0000000000000000        0.0000000000000000        0.0000000000000000       -1.4154018366807060E-025
   114.17584734866392        0.0000000000000000       -0.0000000000000000        0.0000000000000000        0.0000000000000000        2.8260158208402265E-026
   164.70611994486907        0.0000000000000000       -0.0000000000000000        0.0000000000000000        0.0000000000000000       -5.2561914688443634E-027
   257.72794007935840        0.0000000000000000       -0.0000000000000000        0.0000000000000000        0.0000000000000000        8.7163498082478088E-028
   458.70120932628384        0.0000000000000000       -0.0000000000000000        0.0000000000000000        0.0000000000000000       -1.1729077639105660E-028
   1032.9107921796121        0.0000000000000000       -0.0000000000000000        0.0000000000000000        0.0000000000000000        1.1612946994495958E-029
   4133.6429268012425        0.0000000000000000       -0.0000000000000000       -4.2244810741798677E-165   0.0000000000000000       -5.8064734972479792E-030
