   0.0000000000000000        1.0000000000000000        0.0000000000000000     
   5.0000000000000003E-002  0.99750312239746008        2.9937426790479380     
  0.10000000000000001       0.99004983374916811        2.9564610198544972     
  0.15000000000000002       0.97775123719333634        2.8951901283866404     
  0.20000000000000001       0.96078943915232318        2.8111988206296350     
  0.25000000000000000       0.93941306281347581        2.7062067140404964     
  0.30000000000000004       0.91393118527122819        2.5823303857310553     
  0.35000000000000003       0.88470590494348356        2.4420180959746047     
  0.40000000000000002       0.85214378896621135        2.2879757525470770     
  0.45000000000000001       0.81668648259811083        2.1230870903411470     
  0.50000000000000000       0.77880078307140488        1.9503311914049104     
  0.55000000000000004       0.73896848825894423        1.7727004697079793     
  0.60000000000000009       0.69767632607103103        1.5931220979352601     
  0.65000000000000002       0.65540625432684052        1.4143855739414306     
  0.70000000000000007       0.61262639418441600        1.2390787325863606     
  0.75000000000000000       0.56978282473092301        1.0695340303319476     
  0.80000000000000004       0.52729242404304855       0.90778639452367060     
  0.85000000000000009       0.48553689515407938       0.75554336757273766     
  0.90000000000000002       0.44485806622294111       0.61416771872535902     
  0.95000000000000007       0.40555450506332053       0.48467217090334158     
   1.0000000000000000       0.36787944117144233       0.36772542157817040     
   1.0500000000000000       0.33203994534466064       0.26366824412653606     
   1.1000000000000001       0.29819727942988733       0.17253815313918885     
   1.1500000000000001       0.26646829781352405        9.4100911149280667E-002
   1.2000000000000002       0.23692775868212165        2.7887046566772326E-002
   1.2500000000000000       0.20961138715109781       -2.6768460913230856E-002
   1.3000000000000000       0.18451952399298924       -7.0685099491663780E-002
   1.3500000000000001       0.16162119246533921      -0.10479597694190874     
   1.4000000000000001       0.14085842092104495      -0.13010863135300538     
   1.4500000000000002       0.12215066953998995      -0.14766868570523262     
   1.5000000000000000       0.10539922456186433      -0.15852726570775474     
   1.5500000000000000        9.0491441663695882E-002 -0.16371282762984904     
   1.6000000000000001        7.7304740443299713E-002 -0.16420777729740724     
   1.6500000000000001        6.5710273227502822E-002 -0.16093001522992473     
   1.7000000000000002        5.5576212611483038E-002 -0.15471932556252249     
   1.7500000000000000        4.6770622383958980E-002 -0.14632834455089191     
   1.8000000000000000        3.9163895098987066E-002 -0.13641770183182003     
   1.8500000000000001        3.2630755992896020E-002 -0.12555482527877784     
   1.9000000000000001        2.7051846866350402E-002 -0.11421583698547844     
   1.9500000000000002        2.2314914776966392E-002 -0.10278994047041934     
   2.0000000000000000        1.8315638888734179E-002  -9.1585703048253961E-002
   2.0500000000000003        1.4958134700577467E-002  -8.0838666972973441E-002
   2.1000000000000001        1.2155178329914935E-002  -7.0719772491221661E-002
   2.1499999999999999        9.8281948353796892E-003  -6.1344139399092008E-002
   2.2000000000000002        7.9070540515934346E-003  -5.2779825440633747E-002
   2.2500000000000000        6.3297154274857470E-003  -4.5056254885383874E-002
   2.3000000000000003        5.0417602596909746E-003  -3.8172084605612430E-002
   2.3500000000000001        3.9958458300846291E-003  -3.2102344549877100E-002
   2.4000000000000004        3.1511115984444358E-003  -2.6804752178344878E-002
   2.4500000000000002        2.4725630358741900E-003  -2.2225154556931123E-002
   2.5000000000000000        1.9304541362277093E-003  -1.8302096550765500E-002
   2.5500000000000003        1.4996852893298441E-003  -1.4970548737671781E-002
   2.6000000000000001        1.1592291739045903E-003  -1.2164854640625581E-002
   2.6500000000000004        8.9159371999521805E-004  -9.8209744248726055E-003
   2.7000000000000002        6.8232805275637604E-004  -7.8781123607813228E-003
   2.7500000000000000        5.1957468215483844E-004  -6.2798193134886889E-003
   2.8000000000000003        3.9366904065507759E-004  -4.9746605311800493E-003
   2.8500000000000001        2.9678576779321067E-004  -3.9165342808113101E-003
   2.9000000000000004        2.2262985691888859E-004  -3.0647195464418350E-003
   2.9500000000000002        1.6616986660727734E-004  -2.3837220501824207E-003
   3.0000000000000000        1.2340980408667956E-004  -1.8429781111404895E-003
   3.0500000000000003        9.1195956362265880E-005  -1.4164659901112287E-003
   3.1000000000000001        6.7054824302811012E-005  -1.0822648819153765E-003
   3.1500000000000004        4.9058357456207548E-005  -8.2209296884268681E-004
   3.2000000000000002        3.5712849641635144E-005  -6.2084816251588141E-004
   3.2500000000000000        2.5868100222654120E-005  -4.6616845323077408E-004
   3.3000000000000003        1.8643742331516787E-005  -3.4802318422202976E-004
   3.3500000000000001        1.3369962120843802E-005  -2.5834203695497082E-004
   3.4000000000000004        9.5401628730792137E-006  -1.9068497066363177E-004
   3.4500000000000002        6.7734499977037372E-006  -1.3995369482159363E-004
   3.5000000000000000        4.7851173921290088E-006  -1.0214334266393378E-004
   3.5500000000000003        3.3635957248256289E-006  -7.4131729559849015E-005
   3.6000000000000001        2.3525752000097709E-006  -5.3502798998893757E-005
   3.6500000000000004        1.6372378071961898E-006  -3.8400468402895170E-005
   3.7000000000000002        1.1337271387479642E-006  -2.7408987558441953E-005
   3.7500000000000000        7.8114894083044910E-007  -1.9456029770375189E-005
   3.8000000000000003        5.3553478027930992E-007  -1.3734980557558109E-005
   3.8500000000000001        3.6531713412075055E-007  -9.6432158737097168E-006
   3.9000000000000004        2.4795960180450230E-007  -6.7335294023446388E-006
   3.9500000000000002        1.6746357031374876E-007  -4.6762456315270259E-006
   4.0000000000000000        1.1253517471925912E-007  -3.2299207189765246E-006
   4.0499999999999998        7.5246232576448304E-008  -2.2188727297937543E-006
   4.1000000000000005        5.0062180207670131E-008  -1.5160886664733099E-006
   4.1500000000000004        3.3140822708988217E-008  -1.0303242127702880E-006
   4.2000000000000002        2.1829577951254781E-008  -6.9644282143126611E-007
   4.2500000000000000        1.4307241918567688E-008  -4.6823535147447153E-007
   4.2999999999999998        9.3302875745050053E-009  -3.1312287541913190E-007
   4.3500000000000005        6.0542822824848689E-009  -2.0827720216075785E-007
   4.4000000000000004        3.9089384342648500E-009  -1.3780002416418790E-007
   4.4500000000000002        2.5112128332712868E-009  -9.0686274991887000E-008
   4.5000000000000000        1.6052280551856116E-009  -5.9363904534526558E-008
   4.5499999999999998        1.0209829471593379E-009  -3.8654114245865606E-008
   4.6000000000000005        6.4614317731060846E-010  -2.5036000890609348E-008
   4.6500000000000004        4.0688114506557839E-010  -1.6129971449646557E-008
   4.7000000000000002        2.5493818803919602E-010  -1.0337248362456075E-008
   4.7500000000000000        1.5893910094516368E-010  -6.5899510139370138E-009
   4.8000000000000007        9.8595055759914462E-011  -4.1789613281179227E-009
   4.8500000000000005        6.0856651055183102E-011  -2.6361272903737485E-009
   4.9000000000000004        3.7375713279442431E-011  -1.6541659529961793E-009
   4.9500000000000002        2.2840176579937026E-011  -1.0325454187295194E-009
   5.0000000000000000        1.3887943864964021E-011  -6.4114940854565297E-010
   5.0500000000000007        8.4024313964842378E-012  -3.9603342065911743E-010
   5.1000000000000005        5.0582527428437674E-012  -2.4334888442273649E-010
   5.1500000000000004        3.0298742467236405E-012  -1.4874903271583555E-010
   5.2000000000000002        1.8058314375132107E-012  -9.0449977361531463E-011
   5.2500000000000000        1.0709232382508077E-012  -5.4713496754463106E-011
   5.3000000000000007        6.3192858851753223E-013  -3.2924127730211883E-011
   5.3500000000000005        3.7102757830947057E-013  -1.9709241484561224E-011
   5.4000000000000004        2.1675688826189539E-013  -1.1737168273195781E-011
   5.4500000000000002        1.2599930548477415E-013  -6.9533875412166577E-012
   5.5000000000000000        7.2877240958196922E-014  -4.0979915357376942E-012
   5.5500000000000007        4.1941525361921790E-014  -2.4026414859038286E-012
   5.6000000000000005        2.4017347816209437E-014  -1.4013670347504715E-012
   5.6500000000000004        1.3684672281264927E-014  -8.1313283227327816E-013
   5.7000000000000002        7.7584020756960558E-015  -4.6937438329079306E-013
   5.7500000000000000        4.3766185028708502E-015  -2.6954241737200915E-013
   5.8000000000000007        2.4565953687921255E-015  -1.5398776562465233E-013
   5.8500000000000005        1.3720094196451233E-015  -8.7518153803419277E-014
   5.9000000000000004        7.6244599053897228E-016  -4.9483947181121306E-014
   5.9500000000000002        4.2158932381742378E-016  -2.7834675413255625E-014
   6.0000000000000000        2.3195228302435696E-016  -1.5576323912398395E-014
   6.0500000000000007        1.2698026413778676E-016  -8.6716564528229080E-015
   6.1000000000000005        6.9167539755413932E-017  -4.8028465363306436E-015
   6.1500000000000004        3.7488404577454246E-017  -2.6464039636811853E-015
   6.2000000000000002        2.0217158486953322E-017  -1.4506930985749531E-015
   6.2500000000000000        1.0848552640429378E-017  -7.9114865242712453E-016
   6.3000000000000007        5.7923128853947886E-018  -4.2924467114832983E-016
   6.3500000000000005        3.0772356381524928E-018  -2.3169523593148905E-016
   6.4000000000000004        1.6266646214532314E-018  -1.2442158750112501E-016
   6.4500000000000002        8.5558628969028639E-019  -6.6472476156504683E-017
   6.5000000000000000        4.4777324417183015E-019  -3.5331044315455265E-017
   6.5500000000000007        2.3317446562460920E-019  -1.8682740384798697E-017
   6.6000000000000005        1.2081820198999622E-019  -9.8286785681774713E-018
   6.6500000000000004        6.2289131285356210E-020  -5.1442382292807272E-018
   6.7000000000000002        3.1953667177483426E-020  -2.6786706126290449E-018
   6.7500000000000000        1.6310139226701858E-020  -1.3876845238992258E-018
   6.8000000000000007        8.2836770076828004E-021  -7.1521437752878903E-019
   6.8500000000000005        4.1861730061459406E-021  -3.6673860968134992E-019
   6.9000000000000004        2.1049399783397206E-021  -1.8709094345516581E-019
   6.9500000000000002        1.0531513477440116E-021  -9.4956660966784168E-020
   7.0000000000000000        5.2428856633634639E-022  -4.7948544684410035E-020
   7.0500000000000007        2.5970392492468285E-022  -2.4088154002079842E-020
   7.1000000000000005        1.2800153190516281E-022  -1.2039555448182726E-020
   7.1500000000000004        6.2774078897471814E-023  -5.9868304470073005E-021
   7.2000000000000002        3.0631908645774301E-023  -2.9618547478273264E-021
   7.2500000000000000        1.4872921816512705E-023  -1.4578456429600855E-021
   7.3000000000000007        7.1853356359020968E-024  -7.1390594965386742E-022
   7.3500000000000005        3.4540319570138410E-024  -3.4781859621265352E-022
   7.4000000000000004        1.6520917823142601E-024  -1.6859612359509714E-022
   7.4500000000000002        7.8626785029845003E-025  -8.1306637322301004E-023
   7.5000000000000000        3.7233631217505106E-025  -3.9011142184205410E-023
   7.5500000000000007        1.7544007135665356E-025  -1.8622423235924918E-023
   7.6000000000000005        8.2252806516066267E-026  -8.8444163043306506E-024
   7.6500000000000004        3.8370829053445061E-026  -4.1791523223498522E-024
   7.7000000000000002        1.7810666347570803E-026  -1.9646891013000612E-024
   7.7500000000000000        8.2259805951439030E-027  -9.1893891049522200E-025
   7.8000000000000007        3.7802778447760447E-027  -4.2762901328459192E-025
   7.8500000000000005        1.7285752440372520E-027  -1.9798666352147548E-025
   7.9000000000000004        7.8646859357664195E-028  -9.1199716247398170E-026
   7.9500000000000002        3.5604345564510651E-028  -4.1796539548524166E-026
   8.0000000000000000        1.6038108905486379E-028  -1.9057984040890947E-026
   8.0500000000000007        7.1883933949530937E-029  -8.6457739421290067E-027
   8.0999999999999996        3.2058193233950011E-029  -3.9023081471662309E-027
   8.1500000000000004        1.4225737013624792E-029  -1.7523888681495763E-027
   8.2000000000000011        6.2811481476058428E-030  -7.8294474709869879E-028
   8.2500000000000000        2.7595090675220421E-030  -3.4803578625181004E-028
   8.3000000000000007        1.2062939277811313E-030  -1.5392504622737154E-028
   8.3499999999999996        5.2469023967954085E-031  -6.7731036806052659E-029
   8.4000000000000004        2.2708129220263912E-031  -2.9652384513755987E-029
   8.4500000000000011        9.7788606158144952E-032  -1.2915921921253899E-029
   8.5000000000000000        4.1900931944943974E-032  -5.5973891176338184E-030
   8.5500000000000007        1.7864367185175071E-032  -2.4134610353803696E-030
   8.5999999999999996        7.5784452676184299E-033  -1.0353571454135131E-030
   8.6500000000000004        3.1989034167257888E-033  -4.4191176961178615E-031
   8.7000000000000011        1.3435401977587216E-033  -1.8766220874380792E-031
   8.7500000000000000        5.6147280923879347E-034  -7.9289252799083316E-032
   8.8000000000000007        2.3347227834872395E-034  -3.3331007489788111E-032
   8.8499999999999996        9.6598513005834723E-035  -1.3940537940298583E-032
   8.9000000000000004        3.9768030979016235E-035  -5.8010679750371348E-033
   8.9500000000000011        1.6290194262204814E-035  -2.4017845925456093E-033
   9.0000000000000000        6.6396771995807348E-036  -9.8936871869294886E-034
   9.0500000000000007        2.6927510004561314E-036  -4.0549047004015733E-034
   9.0999999999999996        1.0866106407459934E-036  -1.6534909217799436E-034
   9.1500000000000004        4.3629500292686643E-037  -6.7084469295762832E-035
   9.2000000000000011        1.7430708966452667E-037  -2.7079552991722563E-035
   9.2500000000000000        6.9291249388157102E-038  -1.0875785556875543E-035
   9.3000000000000007        2.7407552847225738E-038  -4.3459000135614278E-036
   9.3499999999999996        1.0786751053739306E-038  -1.7278223075748999E-036
   9.4000000000000004        4.2241524062061430E-039  -6.8346923848063935E-037
   9.4500000000000011        1.6459514840632198E-039  -2.6899221434102734E-037
   9.5000000000000000        6.3815034480607908E-040  -1.0533230215065681E-037
   9.5500000000000007        2.4618269077878493E-040  -4.1037874007946272E-038
   9.6000000000000014        9.4497549764909491E-041  -1.5907788947546185E-038
   9.6500000000000004        3.6092096424153468E-041  -6.1353133649073540E-039
   9.7000000000000011        1.3716149109493294E-041  -2.3543222640226327E-039
   9.7500000000000000        5.1865768119085727E-042  -8.9887140580341951E-040
   9.8000000000000007        1.9514523802953378E-042  -3.4145382048620807E-040
   9.8500000000000014        7.3057301971113321E-043  -1.2905338458133856E-040
   9.9000000000000004        2.7214341400936998E-043  -4.8529976915492868E-041
   9.9500000000000011        1.0086965963143162E-043  -1.8157425943993031E-041
   10.000000000000000        3.7200759760208361E-044  -6.7593079520878853E-042
   10.050000000000001        1.3651223956200709E-044  -2.5035379542141453E-042
   10.100000000000001        4.9844804969427620E-045  -9.2259342986068329E-043
   10.150000000000000        1.8109094628227114E-045  -3.3827585387609979E-043
   10.200000000000001        6.5463934372048597E-046  -1.2340601634926232E-043
   10.250000000000000        2.3547022296838183E-046  -4.4792632343568731E-044
   10.300000000000001        8.4274932798640425E-047  -1.6176403753313063E-044
   10.350000000000001        3.0011614709337943E-047  -5.8124968367701299E-045
   10.400000000000000        1.0634298273336124E-047  -2.0780168039473380E-045
   10.450000000000001        3.7493573940596931E-048  -7.3916461284630931E-046
   10.500000000000000        1.3153258948574645E-048  -2.6160092432301941E-046
   10.550000000000001        4.5913291472046717E-049  -9.2117805275054142E-047
   10.600000000000001        1.5946743668968255E-049  -3.2274111431641227E-047
   10.650000000000000        5.5110471457109211E-050  -1.1250494445441129E-047
   10.700000000000001        1.8950678633782422E-050  -3.9020760145487282E-048
   10.750000000000000        6.4840138681425163E-051  -1.3465634919736919E-048
   10.800000000000001        2.2074538398923683E-051  -4.6234389945921992E-049
   10.850000000000001        7.4776968415599292E-052  -1.5794678906753846E-049
   10.900000000000000        2.5204181887958894E-052  -5.3686368884116691E-050
   10.950000000000001        8.4529029663519811E-053  -1.8156201905896107E-050
   11.000000000000000        2.8207700884601352E-053  -6.1093344317534651E-051
   11.050000000000001        9.3660834600213773E-054  -2.0453653609382318E-051
   11.100000000000001        3.0944030801722207E-054  -6.8132789568488314E-052
   11.150000000000000        1.0172419777731164E-054  -2.2581349595709597E-052
   11.200000000000001        3.3273630541829076E-055  -7.4465007653520755E-053
   11.250000000000000        1.0829405954551966E-055  -2.4432244802274993E-053
   11.300000000000001        3.5070148574667998E-056  -7.9759690215564024E-054
   11.350000000000001        1.1300537609636146E-056  -2.5906733887931087E-054
   11.400000000000000        3.6231735050871944E-057  -8.3724227550879984E-055
   11.450000000000001        1.1558665248607279E-057  -2.6921488817863946E-055
   11.500000000000000        3.6690596154291634E-058  -8.6130425767780912E-056
   11.550000000000001        1.1588584128043393E-058  -2.7417248327769419E-056
   11.600000000000001        3.6419544947443977E-059  -8.6836246202191831E-057
   11.650000000000000        1.1388517143406255E-059  -2.7364547562970575E-057
   11.700000000000001        3.5434668343224365E-060  -8.5799687646960282E-058
   11.750000000000000        1.0970289593718018E-060  -2.6766617485507688E-058
   11.800000000000001        3.3793746332791850E-061  -8.3082924359634858E-059
   11.850000000000001        1.0358171919668846E-061  -2.5659057244770722E-059
   11.900000000000000        3.1590639508458424E-062  -7.8846132860834147E-060
   11.950000000000001        9.5865479311677710E-063  -2.4106325673818593E-060
   12.000000000000000        2.8946403116483003E-063  -7.3331859811478503E-061
   12.050000000000001        8.6967200742641177E-064  -2.2195532739759175E-061
   12.100000000000001        2.5998297227138831E-064  -6.6842052264655528E-062
   12.150000000000000        7.7332641559508945E-065  -2.0028362289047370E-062
   12.200000000000001        2.2888077404123664E-065  -5.9710772993197988E-063
   12.250000000000000        6.7403788841310160E-066  -1.7712165814592135E-063
   12.300000000000001        1.9750942872770554E-066  -5.2276017397827244E-064
   12.350000000000001        5.7586393946687975E-067  -1.5351304749786602E-064
   12.400000000000000        1.6706307180412586E-067  -4.4853898107146228E-065
   12.450000000000001        4.8224703793186082E-068  -1.3039691402865382E-065
   12.500000000000000        1.3851193699226017E-068  -3.7717836961626751E-066
   12.550000000000001        3.9585247445016064E-069  -1.0855221969580064E-066
   12.600000000000001        1.1256621233205777E-069  -3.1084452375243167E-067
   12.650000000000000        3.1850134425089840E-070  -8.8564654526643433E-068
   12.700000000000001        8.9669141916663390E-071  -2.5106747844993413E-068
   12.750000000000000        2.5119054349558940E-071  -7.0816330485651518E-069
   12.800000000000001        7.0015159897468339E-072  -1.9874189224805684E-069
   12.850000000000001        1.9418219766737340E-072  -5.5495603294331431E-070
   12.900000000000000        5.3586484506953038E-073  -1.5418460019614938E-070
   12.950000000000001        1.4713962627212763E-073  -4.2622291566255381E-071
   13.000000000000000        4.0200602157433552E-074  -1.1723197317851801E-071
   13.050000000000001        1.0928586540350789E-074  -3.2082554687804257E-072
   13.100000000000001        2.9561329386469204E-075  -8.7358567979275959E-073
   13.150000000000000        7.9563238679491382E-076  -2.3667689777413893E-073
   13.200000000000001        2.1307351639103568E-076  -6.3799919675181280E-074
   13.250000000000000        5.6777337221863434E-077  -1.7111906536124390E-074
   13.300000000000001        1.5053902404078340E-077  -4.5665768587169398E-075
   13.350000000000001        3.9714737740658789E-078  -1.2125435552494528E-075
   13.400000000000000        1.0425162410721513E-078  -3.2034520397011811E-076
   13.450000000000001        2.7229676859094893E-079  -8.4208029541705670E-077
   13.500000000000000        7.0766981754295491E-080  -2.2024359125949325E-077
   13.550000000000001        1.8299843950531919E-080  -5.7314914182504804E-078
   13.600000000000001        4.7086089867905123E-081  -1.4840437311176765E-078
   13.650000000000000        1.2054977262827873E-081  -3.8233189547384980E-079
   13.700000000000001        3.0709213344344200E-082  -9.8005225484419808E-080
   13.750000000000000        7.7839406365006960E-083  -2.4996137029069548E-080
   13.800000000000001        1.9631743284444081E-083  -6.3432468710217625E-081
   13.850000000000001        4.9265936769057293E-084  -1.6016420882218237E-081
   13.900000000000000        1.2301643907865908E-084  -4.0237830940812265E-082
   13.950000000000001        3.0563851816997119E-085  -1.0058169912086563E-082
   14.000000000000000        7.5558190197119609E-086  -2.5016052398839454E-083
   14.050000000000001        1.8585897430594557E-086  -6.1906190143037107E-084
   14.100000000000001        4.5489802659989592E-087  -1.5242806996469482E-084
   14.150000000000000        1.1078299374422814E-087  -3.7343195795964511E-085
   14.200000000000001        2.6844830678259915E-088  -9.1027738535357396E-086
   14.250000000000000        6.4725701870476348E-089  -2.2077599345017547E-086
   14.300000000000001        1.5528209995840269E-089  -5.3277746339761744E-087
   14.350000000000001        3.7067607034342660E-090  -1.2792511854418253E-087
   14.400000000000000        8.8043283847058843E-091  -3.0562007228402351E-088
   14.450000000000001        2.0807813297017015E-091  -7.2648066896122578E-089
   14.500000000000000        4.8931122620973616E-092  -1.7182346447249656E-089
   14.550000000000001        1.1449128899344296E-092  -4.0434974904510253E-090
   14.600000000000001        2.6655586180962220E-093  -9.4677821914383404E-091
   14.650000000000000        6.1749373791871227E-094  -2.2057474628019992E-091
   14.700000000000001        1.4233293520874590E-094  -5.1130476829094309E-092
   14.750000000000000        3.2644256446440729E-095  -1.1792896745257115E-092
   14.800000000000001        7.4496639756031237E-096  -2.7063117383241183E-093
   14.850000000000001        1.6915900209632719E-096  -6.1794794348845145E-094
   14.900000000000000        3.8219242280888586E-097  -1.4039213483154700E-094
   14.950000000000001        8.5920650902308514E-098  -3.1735880558143841E-095
   15.000000000000000        1.9219477278238491E-098  -7.1379793392779564E-096
   15.050000000000001        4.2777373206846049E-099  -1.5974123907977266E-096
   15.100000000000001        9.4736029994288807E-100  -3.5569348377031014E-097
   15.150000000000000        2.0875879308206546E-100  -7.8804666576353278E-098
   15.200000000000001        4.5772317427044858E-101  -1.7371815060019290E-098
   15.250000000000000        9.9859537980229038E-102  -3.8102700797495127E-099
   15.300000000000001        2.1677277202346946E-102  -8.3154104759331403E-100
   15.350000000000001        4.6821835816257004E-103  -1.8056312346981203E-100
   15.400000000000000        1.0062842418976189E-103  -3.9011434974144934E-101
   15.450000000000001        2.1518967690587391E-104  -8.3863379039300413E-102
   15.500000000000000        4.5787899692915775E-105  -1.7937851241226182E-102
   15.550000000000001        9.6941233079373573E-106  -3.8175626412501033E-103
   15.600000000000001        2.0421840693286206E-106  -8.0838767237600953E-104
   15.650000000000000        4.2806503558985802E-107  -1.7032210294694414E-104
   15.700000000000001        8.9279789095706904E-108  -3.5705919369197929E-105
   15.750000000000000        1.8527852424333919E-108  -7.4477891152860723E-106
   15.800000000000001        3.8258288489919095E-109  -1.5457260468859711E-106
   15.850000000000001        7.8605786973267405E-110  -3.1919475201880231E-107
   15.900000000000000        1.6069857662046007E-110  -6.5583876439139868E-108
   15.950000000000001        3.2688731475987756E-111  -1.3407771655310925E-108
   16.000000000000000        6.6162610567094853E-112  -2.7273091446982188E-109
   16.050000000000001        1.3324647402182682E-112  -5.5198900974998207E-110
   16.100000000000001        2.6700988877241515E-113  -1.1115905624688370E-110
   16.150000000000002        5.3238706325686522E-114  -2.2272947011922030E-111
   16.199999999999999        1.0562243351605698E-114  -4.4404705005912800E-112
   16.250000000000000        2.0850351097450663E-115  -8.8084363326917133E-113
   16.300000000000001        4.0954261888438340E-116  -1.7385502015074102E-113
   16.350000000000001        8.0041157673460123E-117  -3.4142418860666772E-114
   16.400000000000002        1.5565251678803738E-117  -6.6714469125602453E-115
   16.449999999999999        3.0118092360808938E-118  -1.2970733106337904E-115
   16.500000000000000        5.7986554185640377E-119  -2.5091569221042583E-116
   16.550000000000001        1.1108506423496481E-119  -4.8295866623238279E-117
   16.600000000000001        2.1174470880234018E-120  -9.2493461052795387E-118
   16.650000000000002        4.0160396376739214E-121  -1.7625077353397778E-118
   16.699999999999999        7.5790006096827896E-122  -3.3417201876278921E-119
   16.750000000000000        1.4231622684852670E-122  -6.3041733135288894E-120
   16.800000000000001        2.6590434112062526E-123  -1.1833286951755879E-120
   16.850000000000001        4.9433909916213806E-124  -2.2100480079211921E-121
   16.900000000000002        9.1443538591928004E-125  -4.1069308290281744E-122
   16.949999999999999        1.6830988102267501E-125  -7.5936769321244909E-123
   17.000000000000000        3.0824406969490981E-126  -1.3970323975387141E-123
   17.050000000000001        5.6170510963595855E-127  -2.5572886073902212E-124
   17.100000000000001        1.0184754071468120E-127  -4.6577169962736735E-125
   17.150000000000002        1.8374741853880993E-128  -8.4408255698149594E-126
   17.199999999999999        3.2985302689927836E-129  -1.5220107592664959E-126
   17.250000000000000        5.8918031552540189E-130  -2.7306618089228386E-127
   17.300000000000001        1.0471394250149080E-130  -4.8746219343222497E-128
   17.350000000000001        1.8517797102869504E-131  -8.6582233690222836E-129
   17.400000000000002        3.2583869594593644E-132  -1.5301838064963665E-129
   17.449999999999999        5.7048538676920994E-133  -2.6907116727657389E-130
   17.500000000000000        9.9383644134836838E-134  -4.7079001914982309E-131
   17.550000000000001        1.7227165961099498E-134  -8.1956158062482445E-132
   17.600000000000001        2.9712643051290089E-135  -1.4196952024732904E-132
   17.650000000000002        5.0991438199203181E-136  -2.4466276764384843E-133
   17.699999999999999        8.7072650480554245E-137  -4.1961866675839681E-134
   17.750000000000000        1.4794312748652570E-137  -7.1583814175241539E-135
   17.800000000000001        2.5011305087932876E-138  -1.2156966278417795E-135
   17.850000000000001        4.2073286702573075E-139  -2.0525457473092877E-136
   17.900000000000002        7.0421464640914835E-140  -3.4526709137213697E-137
   17.949999999999999        1.1728222447275092E-140  -5.7666445158777031E-138
   18.000000000000000        1.9435148500492928E-141  -9.6155491240437512E-139
   18.050000000000001        3.2045869494944363E-142  -1.5866939455158956E-139
   18.100000000000001        5.2575666106007747E-143  -2.6280378661489401E-140
   18.150000000000002        8.5827415560834452E-144  -4.2698909808985500E-141
   18.199999999999999        1.3941060578875135E-144  -7.0646060206274141E-142
   18.250000000000000        2.2531708349892244E-145  -1.1195339606223200E-142
   18.300000000000001        3.6234390081794017E-146  -1.8793135689685938E-143
   18.350000000000001        5.7979747186021834E-147  -2.8280168347021643E-144
   18.400000000000002        9.2312434995512726E-148  -5.0305252432381394E-145
   18.449999999999999        1.4624217042259377E-148  -6.6409699497999799E-146
   18.500000000000000        2.3052263152355648E-149  -1.4137314171358546E-146
   18.550000000000001        3.6156221715227174E-150  -1.2584751650155223E-147
   18.600000000000001        5.6426230777602620E-151  -4.5526388179407292E-148
   18.650000000000002        8.7620871446842058E-152  -2.1280485488267618E-150
   18.699999999999999        1.3538252919313386E-152  -1.8693169839415718E-149
   18.750000000000000        2.0813552168033215E-153   2.0132482711556643E-150
   18.800000000000001        3.1838919149076751E-154  -9.9742634323772959E-151
   18.850000000000001        4.8461734495983690E-155   1.9613153501321266E-151
   18.900000000000002        7.3395277922134705E-156  -6.3154194121036324E-152
   18.949999999999999        1.1060272123267124E-156   1.5247658474855601E-152
   19.000000000000000        1.6584104776811452E-157  -4.3209364266533519E-153
   19.050000000000001        2.4742682433670019E-158   1.1177803452296357E-153
   19.100000000000001        3.6730772043905569E-159  -3.0425118208663471E-154
   19.150000000000002        5.4255261399543354E-160   8.0488930252756907E-155
   19.200000000000003        7.9741094286074469E-161  -2.1632444047094144E-155
   19.250000000000000        1.1661409593955257E-161   5.7634244399974700E-156
   19.300000000000001        1.6968694697156029E-162  -1.5429291897223003E-156
   19.350000000000001        2.4568257176342277E-163   4.1197564131838784E-157
   19.400000000000002        3.5393930265694071E-164  -1.1015954873120240E-157
   19.450000000000003        5.0735478396797301E-165   2.9433269794382958E-158
   19.500000000000000        7.2364115192480096E-166  -7.8675495027682693E-159
   19.550000000000001        1.0269830608685742E-166   2.1025475300391976E-159
   19.600000000000001        1.4502131273426031E-167  -5.6196210375739869E-160
   19.650000000000002        2.0376468211556454E-168   1.5019081692600556E-160
   19.700000000000003        2.8487511805674686E-169  -4.0141761720318706E-161
   19.750000000000000        3.9628592953089233E-170   1.0728392554475604E-161
   19.800000000000001        5.4851854414111771E-171  -2.8664289037278271E-162
   19.850000000000001        7.5544439668046797E-172   7.6245439234380021E-163
   19.900000000000002        1.0352428066237155E-172  -1.9013483764229191E-163
   19.950000000000003        1.4115961536081295E-173   0.0000000000000000     
